,time,src,dst,len,role,seq,ack
0,0.000000,192.168.67.64,52.166.239.43,75,1,-1,-1
1,0.010970,192.168.67.64,52.166.239.43,1506,1,-1,-1
2,0.206994,52.166.239.43,192.168.67.64,168,0,-1,-1
3,0.218323,52.166.239.43,192.168.67.64,70,0,-1,-1
4,0.223777,192.168.67.64,52.166.239.43,76,1,-1,-1
5,0.433639,52.166.239.43,192.168.67.64,77,0,-1,-1
6,0.438389,192.168.67.64,52.166.239.43,70,1,0,-1
7,0.653592,52.166.239.43,192.168.67.64,152,0,-1,-1
8,0.665790,52.166.239.43,192.168.67.64,60,0,-1,0 
9,0.667048,192.168.67.64,52.166.239.43,49,1,-1,0 
10,0.667077,192.168.67.64,52.166.239.43,232,1,1,-1
11,0.667088,192.168.67.64,52.166.239.43,58,1,2,-1
12,0.745604,192.168.67.64,52.166.239.43,1471,1,3,-1
13,0.874231,52.166.239.43,192.168.67.64,73,0,-1,-1
14,0.874231,52.166.239.43,192.168.67.64,73,0,-1,-1
15,0.887919,192.168.67.64,52.166.239.43,52,1,-1,1 2 
16,0.889093,52.166.239.43,192.168.67.64,60,0,-1,1 2 
17,0.893565,192.168.67.64,52.166.239.43,1471,1,4,-1
18,0.893681,192.168.67.64,52.166.239.43,1471,1,5,-1
19,0.956917,52.166.239.43,192.168.67.64,60,0,-1,3 
20,0.959239,192.168.67.64,52.166.239.43,1471,1,6,-1
21,0.959272,192.168.67.64,52.166.239.43,1471,1,7,-1
22,1.101303,52.166.239.43,192.168.67.64,60,0,-1,4 
23,1.103695,192.168.67.64,52.166.239.43,1471,1,8,-1
24,1.103794,192.168.67.64,52.166.239.43,1471,1,9,-1
25,1.121669,52.166.239.43,192.168.67.64,60,0,-1,5 
26,1.123834,192.168.67.64,52.166.239.43,1471,1,10,-1
27,1.123926,192.168.67.64,52.166.239.43,1471,1,11,-1
28,1.167212,52.166.239.43,192.168.67.64,60,0,-1,6 
29,1.169821,192.168.67.64,52.166.239.43,1471,1,12,-1
30,1.169916,192.168.67.64,52.166.239.43,1471,1,13,-1
31,1.196379,52.166.239.43,192.168.67.64,60,0,-1,7 
32,1.199119,192.168.67.64,52.166.239.43,1471,1,14,-1
33,1.199237,192.168.67.64,52.166.239.43,1471,1,15,-1
34,1.339740,52.166.239.43,192.168.67.64,60,0,-1,8 10 
35,1.342738,192.168.67.64,52.166.239.43,1471,1,16,-1
36,1.342829,192.168.67.64,52.166.239.43,1471,1,17,-1
37,1.342955,192.168.67.64,52.166.239.43,1471,1,18,-1
38,1.343101,192.168.67.64,52.166.239.43,1471,1,19,-1
39,1.344635,192.168.67.64,52.166.239.43,1471,1,20,-1
40,1.344754,192.168.67.64,52.166.239.43,1471,1,21,-1
41,1.362535,52.166.239.43,192.168.67.64,60,0,-1,11 
42,1.365195,192.168.67.64,52.166.239.43,1471,1,22,-1
43,1.365966,192.168.67.64,52.166.239.43,247,1,23,-1
44,1.402427,52.166.239.43,192.168.67.64,60,0,-1,12 13 
45,1.428820,52.166.239.43,192.168.67.64,60,0,-1,14 15 
46,1.575377,52.166.239.43,192.168.67.64,60,0,-1,16 21 
47,1.595621,52.166.239.43,192.168.67.64,60,0,-1,22 23 
48,1.606891,52.166.239.43,192.168.67.64,398,0,3,-1
49,1.620669,192.168.67.64,52.166.239.43,49,1,-1,3 
50,1.642681,192.168.67.64,52.166.239.43,69,1,24,-1
51,1.855043,52.166.239.43,192.168.67.64,131,0,4,-1
52,1.855043,52.166.239.43,192.168.67.64,60,0,-1,24 
53,1.869095,192.168.67.64,52.166.239.43,49,1,-1,4 
54,1.904765,192.168.67.64,52.166.239.43,71,1,25,-1
55,1.946311,192.168.67.64,52.166.239.43,72,1,26,-1
56,2.130412,52.166.239.43,192.168.67.64,60,0,-1,25 
57,2.189335,52.166.239.43,192.168.67.64,60,0,-1,26 
58,2.189335,52.166.239.43,192.168.67.64,129,0,5,-1
59,2.202339,192.168.67.64,52.166.239.43,49,1,-1,5 
60,2.422712,192.168.67.64,52.166.239.43,72,1,27,-1
61,2.760717,52.166.239.43,192.168.67.64,1497,0,6,-1
62,2.760825,52.166.239.43,192.168.67.64,1497,0,7,-1
63,2.760965,52.166.239.43,192.168.67.64,1497,0,8,-1
64,2.761095,52.166.239.43,192.168.67.64,1497,0,9,-1
65,2.762378,52.166.239.43,192.168.67.64,1497,0,10,-1
66,2.762473,52.166.239.43,192.168.67.64,1497,0,11,-1
67,2.762622,52.166.239.43,192.168.67.64,1497,0,12,-1
68,2.762753,52.166.239.43,192.168.67.64,1497,0,13,-1
69,2.764148,52.166.239.43,192.168.67.64,1497,0,14,-1
70,2.764271,52.166.239.43,192.168.67.64,1497,0,15,-1
71,2.764432,52.166.239.43,192.168.67.64,1497,0,16,-1
72,2.764553,52.166.239.43,192.168.67.64,1497,0,17,-1
73,2.766706,52.166.239.43,192.168.67.64,1497,0,18,-1
74,2.766839,52.166.239.43,192.168.67.64,1497,0,19,-1
75,2.766990,52.166.239.43,192.168.67.64,1497,0,20,-1
76,2.767122,52.166.239.43,192.168.67.64,1497,0,21,-1
77,2.768514,52.166.239.43,192.168.67.64,1497,0,22,-1
78,2.768637,52.166.239.43,192.168.67.64,1497,0,23,-1
79,2.768787,52.166.239.43,192.168.67.64,1497,0,24,-1
80,2.768918,52.166.239.43,192.168.67.64,1497,0,25,-1
81,2.770181,52.166.239.43,192.168.67.64,1497,0,26,-1
82,2.770306,52.166.239.43,192.168.67.64,1497,0,27,-1
83,2.770455,52.166.239.43,192.168.67.64,1497,0,28,-1
84,2.770585,52.166.239.43,192.168.67.64,1497,0,29,-1
85,2.771861,52.166.239.43,192.168.67.64,1497,0,30,-1
86,2.771981,52.166.239.43,192.168.67.64,1497,0,31,-1
87,2.772133,52.166.239.43,192.168.67.64,1497,0,32,-1
88,2.772262,52.166.239.43,192.168.67.64,1497,0,33,-1
89,2.773446,52.166.239.43,192.168.67.64,1497,0,34,-1
90,2.773575,52.166.239.43,192.168.67.64,1497,0,35,-1
91,2.773726,52.166.239.43,192.168.67.64,1497,0,36,-1
92,2.773857,52.166.239.43,192.168.67.64,1497,0,37,-1
93,2.774170,52.166.239.43,192.168.67.64,1497,0,38,-1
94,2.774305,52.166.239.43,192.168.67.64,1497,0,39,-1
95,2.774453,52.166.239.43,192.168.67.64,1497,0,40,-1
96,2.774584,52.166.239.43,192.168.67.64,1497,0,41,-1
97,2.774839,192.168.67.64,52.166.239.43,52,1,-1,6 33 
98,2.776734,52.166.239.43,192.168.67.64,1497,0,42,-1
99,2.776859,52.166.239.43,192.168.67.64,1497,0,43,-1
100,2.777008,52.166.239.43,192.168.67.64,1497,0,44,-1
101,2.777139,52.166.239.43,192.168.67.64,1497,0,45,-1
102,2.777442,52.166.239.43,192.168.67.64,1497,0,46,-1
103,2.777574,52.166.239.43,192.168.67.64,1497,0,47,-1
104,2.777727,52.166.239.43,192.168.67.64,1497,0,48,-1
105,2.777857,52.166.239.43,192.168.67.64,1497,0,49,-1
106,2.779960,52.166.239.43,192.168.67.64,1497,0,50,-1
107,2.780090,52.166.239.43,192.168.67.64,1497,0,51,-1
108,2.780242,52.166.239.43,192.168.67.64,1497,0,52,-1
109,2.780371,52.166.239.43,192.168.67.64,1497,0,53,-1
110,2.781615,52.166.239.43,192.168.67.64,1497,0,54,-1
111,2.781749,52.166.239.43,192.168.67.64,1497,0,55,-1
112,2.781899,52.166.239.43,192.168.67.64,1497,0,56,-1
113,2.782029,52.166.239.43,192.168.67.64,1497,0,57,-1
114,2.783439,52.166.239.43,192.168.67.64,1497,0,58,-1
115,2.783558,52.166.239.43,192.168.67.64,1497,0,59,-1
116,2.783707,52.166.239.43,192.168.67.64,1497,0,60,-1
117,2.783839,52.166.239.43,192.168.67.64,1497,0,61,-1
118,2.784206,52.166.239.43,192.168.67.64,1497,0,62,-1
119,2.784343,52.166.239.43,192.168.67.64,1497,0,63,-1
120,2.784489,52.166.239.43,192.168.67.64,1497,0,64,-1
121,2.784620,52.166.239.43,192.168.67.64,1497,0,65,-1
122,2.786502,52.166.239.43,192.168.67.64,1497,0,66,-1
123,2.786631,52.166.239.43,192.168.67.64,1497,0,68,-1
124,2.786782,52.166.239.43,192.168.67.64,1497,0,67,-1
125,2.786912,52.166.239.43,192.168.67.64,1497,0,69,-1
126,2.787172,192.168.67.64,52.166.239.43,52,1,-1,34 59 
127,2.788368,52.166.239.43,192.168.67.64,1497,0,70,-1
128,2.788368,52.166.239.43,192.168.67.64,60,0,-1,27 
129,2.788411,52.166.239.43,192.168.67.64,326,0,71,-1
130,2.788546,52.166.239.43,192.168.67.64,1497,0,72,-1
131,2.788696,52.166.239.43,192.168.67.64,1497,0,73,-1
132,2.788826,52.166.239.43,192.168.67.64,1497,0,74,-1
133,2.789342,52.166.239.43,192.168.67.64,1497,0,75,-1
134,2.789475,52.166.239.43,192.168.67.64,1497,0,76,-1
135,2.789626,52.166.239.43,192.168.67.64,1497,0,77,-1
136,2.789757,52.166.239.43,192.168.67.64,1497,0,78,-1
137,2.790077,192.168.67.64,52.166.239.43,49,1,-1,-1
138,2.792676,192.168.67.64,52.166.239.43,52,1,-1,60 71 
139,2.793067,52.166.239.43,192.168.67.64,1497,0,79,-1
140,2.793196,52.166.239.43,192.168.67.64,1497,0,80,-1
141,2.793347,52.166.239.43,192.168.67.64,1497,0,81,-1
142,2.793477,52.166.239.43,192.168.67.64,1497,0,82,-1
143,2.793772,52.166.239.43,192.168.67.64,1497,0,83,-1
144,2.793905,52.166.239.43,192.168.67.64,1497,0,84,-1
145,2.794056,52.166.239.43,192.168.67.64,1497,0,85,-1
146,2.794186,52.166.239.43,192.168.67.64,1497,0,86,-1
147,2.796226,52.166.239.43,192.168.67.64,1497,0,87,-1
148,2.796360,52.166.239.43,192.168.67.64,1497,0,88,-1
149,2.796509,52.166.239.43,192.168.67.64,1497,0,89,-1
150,2.796640,52.166.239.43,192.168.67.64,1497,0,90,-1
151,2.797894,52.166.239.43,192.168.67.64,1497,0,91,-1
152,2.798018,52.166.239.43,192.168.67.64,1497,0,92,-1
153,2.798168,52.166.239.43,192.168.67.64,1497,0,93,-1
154,2.798298,52.166.239.43,192.168.67.64,1497,0,94,-1
155,2.798701,52.166.239.43,192.168.67.64,1497,0,95,-1
156,2.798835,52.166.239.43,192.168.67.64,1497,0,96,-1
157,2.798988,52.166.239.43,192.168.67.64,1497,0,97,-1
158,2.799116,52.166.239.43,192.168.67.64,1497,0,98,-1
159,2.800972,52.166.239.43,192.168.67.64,1497,0,99,-1
160,2.801102,52.166.239.43,192.168.67.64,1497,0,100,-1
161,2.801251,52.166.239.43,192.168.67.64,1497,0,101,-1
162,2.801382,52.166.239.43,192.168.67.64,1497,0,102,-1
163,2.802608,52.166.239.43,192.168.67.64,1497,0,103,-1
164,2.802741,52.166.239.43,192.168.67.64,1497,0,104,-1
165,2.802891,52.166.239.43,192.168.67.64,1497,0,105,-1
166,2.803023,52.166.239.43,192.168.67.64,1497,0,106,-1
167,2.804213,192.168.67.64,52.166.239.43,52,1,-1,72 102 
168,2.804814,52.166.239.43,192.168.67.64,1497,0,107,-1
169,2.804851,52.166.239.43,192.168.67.64,739,0,108,-1
170,2.806931,192.168.67.64,52.166.239.43,52,1,-1,103 108 
171,2.825597,52.166.239.43,192.168.67.64,1497,0,109,-1
172,2.825711,52.166.239.43,192.168.67.64,1497,0,110,-1
173,2.827112,52.166.239.43,192.168.67.64,1497,0,111,-1
174,2.827222,52.166.239.43,192.168.67.64,1497,0,112,-1
175,2.827372,52.166.239.43,192.168.67.64,1497,0,113,-1
176,2.827503,52.166.239.43,192.168.67.64,1497,0,114,-1
177,2.827851,52.166.239.43,192.168.67.64,1497,0,115,-1
178,2.827986,52.166.239.43,192.168.67.64,1497,0,116,-1
179,2.828137,52.166.239.43,192.168.67.64,1497,0,117,-1
180,2.828267,52.166.239.43,192.168.67.64,1497,0,118,-1
181,2.830218,52.166.239.43,192.168.67.64,1497,0,119,-1
182,2.830350,52.166.239.43,192.168.67.64,1497,0,120,-1
183,2.830501,52.166.239.43,192.168.67.64,1497,0,121,-1
184,2.830616,52.166.239.43,192.168.67.64,1497,0,122,-1
185,2.831784,52.166.239.43,192.168.67.64,1497,0,123,-1
186,2.831916,52.166.239.43,192.168.67.64,1497,0,124,-1
187,2.832066,52.166.239.43,192.168.67.64,1497,0,125,-1
188,2.832197,52.166.239.43,192.168.67.64,1497,0,126,-1
189,2.833580,52.166.239.43,192.168.67.64,1497,0,127,-1
190,2.833703,52.166.239.43,192.168.67.64,1497,0,128,-1
191,2.833854,52.166.239.43,192.168.67.64,1497,0,129,-1
192,2.833982,52.166.239.43,192.168.67.64,1497,0,130,-1
193,2.835219,52.166.239.43,192.168.67.64,1497,0,131,-1
194,2.835342,52.166.239.43,192.168.67.64,1497,0,132,-1
195,2.835492,52.166.239.43,192.168.67.64,1497,0,133,-1
196,2.835623,52.166.239.43,192.168.67.64,1497,0,134,-1
197,2.836895,52.166.239.43,192.168.67.64,1497,0,135,-1
198,2.837021,52.166.239.43,192.168.67.64,1497,0,136,-1
199,2.837171,52.166.239.43,192.168.67.64,1497,0,137,-1
200,2.837303,52.166.239.43,192.168.67.64,1497,0,138,-1
201,2.837560,52.166.239.43,192.168.67.64,1497,0,139,-1
202,2.837691,52.166.239.43,192.168.67.64,1497,0,140,-1
203,2.837844,52.166.239.43,192.168.67.64,1497,0,141,-1
204,2.837976,52.166.239.43,192.168.67.64,1497,0,142,-1
205,2.839841,192.168.67.64,52.166.239.43,52,1,-1,109 134 
206,2.840164,52.166.239.43,192.168.67.64,1497,0,143,-1
207,2.840297,52.166.239.43,192.168.67.64,1497,0,144,-1
208,2.840447,52.166.239.43,192.168.67.64,1497,0,145,-1
209,2.840578,52.166.239.43,192.168.67.64,1497,0,146,-1
210,2.840835,52.166.239.43,192.168.67.64,1497,0,147,-1
211,2.840970,52.166.239.43,192.168.67.64,1497,0,148,-1
212,2.841120,52.166.239.43,192.168.67.64,1497,0,149,-1
213,2.841251,52.166.239.43,192.168.67.64,1497,0,150,-1
214,2.841508,52.166.239.43,192.168.67.64,1497,0,151,-1
215,2.841643,52.166.239.43,192.168.67.64,1497,0,152,-1
216,2.841794,52.166.239.43,192.168.67.64,1497,0,153,-1
217,2.841925,52.166.239.43,192.168.67.64,1497,0,154,-1
218,2.842184,52.166.239.43,192.168.67.64,1497,0,155,-1
219,2.842317,52.166.239.43,192.168.67.64,1497,0,156,-1
220,2.842467,52.166.239.43,192.168.67.64,1497,0,157,-1
221,2.842598,52.166.239.43,192.168.67.64,1497,0,158,-1
222,2.842856,52.166.239.43,192.168.67.64,1497,0,159,-1
223,2.842989,52.166.239.43,192.168.67.64,1497,0,160,-1
224,2.843139,52.166.239.43,192.168.67.64,1497,0,161,-1
225,2.843271,52.166.239.43,192.168.67.64,1497,0,162,-1
226,2.843527,52.166.239.43,192.168.67.64,1497,0,163,-1
227,2.843661,52.166.239.43,192.168.67.64,1497,0,164,-1
228,2.843813,52.166.239.43,192.168.67.64,1497,0,165,-1
229,2.843943,52.166.239.43,192.168.67.64,1497,0,166,-1
230,2.844422,52.166.239.43,192.168.67.64,1497,0,167,-1
231,2.844553,52.166.239.43,192.168.67.64,1497,0,168,-1
232,2.844701,52.166.239.43,192.168.67.64,1497,0,169,-1
233,2.844831,52.166.239.43,192.168.67.64,1497,0,170,-1
234,2.846875,52.166.239.43,192.168.67.64,1497,0,171,-1
235,2.847008,52.166.239.43,192.168.67.64,1497,0,172,-1
236,2.847158,52.166.239.43,192.168.67.64,1497,0,173,-1
237,2.847290,52.166.239.43,192.168.67.64,1497,0,174,-1
238,2.853420,192.168.67.64,52.166.239.43,52,1,-1,135 155 
239,2.853871,52.166.239.43,192.168.67.64,1497,0,175,-1
240,2.854005,52.166.239.43,192.168.67.64,1497,0,176,-1
241,2.854154,52.166.239.43,192.168.67.64,1497,0,177,-1
242,2.854285,52.166.239.43,192.168.67.64,1497,0,178,-1
243,2.855472,52.166.239.43,192.168.67.64,1497,0,179,-1
244,2.855608,52.166.239.43,192.168.67.64,1497,0,180,-1
245,2.855759,52.166.239.43,192.168.67.64,1497,0,181,-1
246,2.855888,52.166.239.43,192.168.67.64,1497,0,182,-1
247,2.857078,52.166.239.43,192.168.67.64,1497,0,183,-1
248,2.857213,52.166.239.43,192.168.67.64,1497,0,184,-1
249,2.857362,52.166.239.43,192.168.67.64,1497,0,185,-1
250,2.857492,52.166.239.43,192.168.67.64,1497,0,186,-1
251,2.859116,52.166.239.43,192.168.67.64,1497,0,187,-1
252,2.859240,52.166.239.43,192.168.67.64,1497,0,188,-1
253,2.859391,52.166.239.43,192.168.67.64,1497,0,189,-1
254,2.859522,52.166.239.43,192.168.67.64,1497,0,190,-1
255,2.859833,52.166.239.43,192.168.67.64,1497,0,191,-1
256,2.859968,52.166.239.43,192.168.67.64,1497,0,192,-1
257,2.860118,52.166.239.43,192.168.67.64,1497,0,193,-1
258,2.860249,52.166.239.43,192.168.67.64,1497,0,194,-1
259,2.862097,52.166.239.43,192.168.67.64,1497,0,195,-1
260,2.862233,52.166.239.43,192.168.67.64,1497,0,196,-1
261,2.862384,52.166.239.43,192.168.67.64,1497,0,197,-1
262,2.862516,52.166.239.43,192.168.67.64,1497,0,198,-1
263,2.862845,52.166.239.43,192.168.67.64,1497,0,199,-1
264,2.862977,52.166.239.43,192.168.67.64,1497,0,200,-1
265,2.863129,52.166.239.43,192.168.67.64,1497,0,201,-1
266,2.863259,52.166.239.43,192.168.67.64,1497,0,202,-1
267,2.865118,192.168.67.64,52.166.239.43,52,1,-1,156 186 
268,2.865581,52.166.239.43,192.168.67.64,1497,0,203,-1
269,2.865719,52.166.239.43,192.168.67.64,1497,0,204,-1
270,2.865869,52.166.239.43,192.168.67.64,1497,0,205,-1
271,2.866000,52.166.239.43,192.168.67.64,1497,0,206,-1
272,2.866322,52.166.239.43,192.168.67.64,1497,0,207,-1
273,2.866455,52.166.239.43,192.168.67.64,1497,0,208,-1
274,2.866606,52.166.239.43,192.168.67.64,1497,0,209,-1
275,2.866736,52.166.239.43,192.168.67.64,1497,0,210,-1
276,2.868667,52.166.239.43,192.168.67.64,1497,0,211,-1
277,2.868797,52.166.239.43,192.168.67.64,1497,0,212,-1
278,2.868945,52.166.239.43,192.168.67.64,1497,0,213,-1
279,2.869075,52.166.239.43,192.168.67.64,1497,0,214,-1
280,2.870362,52.166.239.43,192.168.67.64,1497,0,215,-1
281,2.870480,52.166.239.43,192.168.67.64,1497,0,216,-1
282,2.870630,52.166.239.43,192.168.67.64,1497,0,217,-1
283,2.870761,52.166.239.43,192.168.67.64,1497,0,218,-1
284,2.871922,52.166.239.43,192.168.67.64,1497,0,219,-1
285,2.872056,52.166.239.43,192.168.67.64,1497,0,220,-1
286,2.872206,52.166.239.43,192.168.67.64,1497,0,221,-1
287,2.872342,52.166.239.43,192.168.67.64,1497,0,222,-1
288,2.873471,52.166.239.43,192.168.67.64,1207,0,223,-1
289,2.875291,192.168.67.64,52.166.239.43,52,1,-1,187 218 
290,2.875301,192.168.67.64,52.166.239.43,52,1,-1,219 223 
291,2.876501,52.166.239.43,192.168.67.64,1497,0,224,-1
292,2.876635,52.166.239.43,192.168.67.64,1497,0,225,-1
293,2.876784,52.166.239.43,192.168.67.64,1497,0,226,-1
294,2.876914,52.166.239.43,192.168.67.64,1497,0,227,-1
295,2.877379,52.166.239.43,192.168.67.64,1497,0,228,-1
296,2.877513,52.166.239.43,192.168.67.64,1497,0,230,-1
297,2.877662,52.166.239.43,192.168.67.64,1497,0,231,-1
298,2.877794,52.166.239.43,192.168.67.64,1497,0,232,-1
299,2.880096,52.166.239.43,192.168.67.64,1497,0,233,-1
300,2.880218,52.166.239.43,192.168.67.64,1497,0,234,-1
301,2.880366,52.166.239.43,192.168.67.64,1497,0,235,-1
302,2.880496,52.166.239.43,192.168.67.64,1497,0,236,-1
303,2.880757,192.168.67.64,52.166.239.43,49,1,-1,-1
304,2.881994,52.166.239.43,192.168.67.64,1497,0,237,-1
305,2.882129,52.166.239.43,192.168.67.64,1497,0,238,-1
306,2.882279,52.166.239.43,192.168.67.64,1497,0,239,-1
307,2.882409,52.166.239.43,192.168.67.64,1497,0,240,-1
308,2.883795,52.166.239.43,192.168.67.64,1497,0,241,-1
309,2.883918,52.166.239.43,192.168.67.64,1497,0,242,-1
310,2.884075,52.166.239.43,192.168.67.64,1497,0,243,-1
311,2.884201,52.166.239.43,192.168.67.64,1497,0,244,-1
312,2.884505,52.166.239.43,192.168.67.64,1497,0,253,-1
313,2.884594,52.166.239.43,192.168.67.64,1497,0,254,-1
314,2.884741,52.166.239.43,192.168.67.64,1497,0,255,-1
315,2.884871,52.166.239.43,192.168.67.64,1497,0,256,-1
316,2.886735,52.166.239.43,192.168.67.64,1497,0,257,-1
317,2.886871,52.166.239.43,192.168.67.64,1497,0,258,-1
318,2.887020,52.166.239.43,192.168.67.64,1497,0,259,-1
319,2.887151,52.166.239.43,192.168.67.64,1497,0,260,-1
320,2.887411,52.166.239.43,192.168.67.64,1497,0,261,-1
321,2.887544,52.166.239.43,192.168.67.64,1497,0,262,-1
322,2.887694,52.166.239.43,192.168.67.64,1497,0,263,-1
323,2.887825,52.166.239.43,192.168.67.64,1497,0,264,-1
324,2.888133,192.168.67.64,52.166.239.43,52,1,-1,-1
325,2.889972,52.166.239.43,192.168.67.64,1497,0,265,-1
326,2.890111,52.166.239.43,192.168.67.64,1497,0,266,-1
327,2.890261,52.166.239.43,192.168.67.64,1497,0,267,-1
328,2.890391,52.166.239.43,192.168.67.64,1497,0,268,-1
329,2.890649,52.166.239.43,192.168.67.64,1497,0,269,-1
330,2.890783,52.166.239.43,192.168.67.64,1497,0,270,-1
331,2.890944,52.166.239.43,192.168.67.64,1497,0,271,-1
332,2.891065,52.166.239.43,192.168.67.64,1497,0,272,-1
333,2.891321,52.166.239.43,192.168.67.64,1497,0,273,-1
334,2.891455,52.166.239.43,192.168.67.64,1497,0,274,-1
335,2.891609,52.166.239.43,192.168.67.64,1497,0,275,-1
336,2.891737,52.166.239.43,192.168.67.64,1497,0,276,-1
337,2.891995,52.166.239.43,192.168.67.64,1497,0,277,-1
338,2.892129,52.166.239.43,192.168.67.64,1497,0,278,-1
339,2.892279,52.166.239.43,192.168.67.64,1497,0,279,-1
340,2.892410,52.166.239.43,192.168.67.64,1497,0,280,-1
341,2.892667,52.166.239.43,192.168.67.64,1497,0,281,-1
342,2.892801,52.166.239.43,192.168.67.64,1497,0,282,-1
343,2.892952,52.166.239.43,192.168.67.64,1497,0,283,-1
344,2.893081,52.166.239.43,192.168.67.64,1497,0,284,-1
345,2.893342,52.166.239.43,192.168.67.64,1497,0,285,-1
346,2.893480,52.166.239.43,192.168.67.64,1497,0,286,-1
347,2.893635,52.166.239.43,192.168.67.64,1497,0,287,-1
348,2.893755,52.166.239.43,192.168.67.64,1497,0,288,-1
349,2.894013,52.166.239.43,192.168.67.64,1497,0,289,-1
350,2.894147,52.166.239.43,192.168.67.64,1497,0,290,-1
351,2.894297,52.166.239.43,192.168.67.64,1497,0,291,-1
352,2.894427,52.166.239.43,192.168.67.64,1497,0,292,-1
353,2.894685,52.166.239.43,192.168.67.64,1497,0,293,-1
354,2.894818,52.166.239.43,192.168.67.64,1497,0,294,-1
355,2.894969,52.166.239.43,192.168.67.64,1497,0,295,-1
356,2.895100,52.166.239.43,192.168.67.64,1497,0,296,-1
357,2.895360,52.166.239.43,192.168.67.64,1497,0,297,-1
358,2.895494,52.166.239.43,192.168.67.64,1497,0,298,-1
359,2.895644,52.166.239.43,192.168.67.64,1497,0,299,-1
360,2.895775,52.166.239.43,192.168.67.64,1497,0,300,-1
361,2.896043,192.168.67.64,52.166.239.43,66,1,-1,224 228 # 230 244 # 253 260 
362,2.896361,52.166.239.43,192.168.67.64,1497,0,301,-1
363,2.896492,52.166.239.43,192.168.67.64,1497,0,302,-1
364,2.896643,52.166.239.43,192.168.67.64,1497,0,303,-1
365,2.896773,52.166.239.43,192.168.67.64,1497,0,304,-1
366,2.897095,52.166.239.43,192.168.67.64,1497,0,305,-1
367,2.897227,52.166.239.43,192.168.67.64,1497,0,306,-1
368,2.897378,52.166.239.43,192.168.67.64,1497,0,307,-1
369,2.897509,52.166.239.43,192.168.67.64,1497,0,308,-1
370,2.906438,52.166.239.43,192.168.67.64,1497,0,309,-1
371,2.906571,52.166.239.43,192.168.67.64,1497,0,310,-1
372,2.906722,52.166.239.43,192.168.67.64,1497,0,311,-1
373,2.906853,52.166.239.43,192.168.67.64,1497,0,312,-1
374,2.907334,192.168.67.64,52.166.239.43,52,1,-1,261 272 
375,2.908539,52.166.239.43,192.168.67.64,1497,0,313,-1
376,2.908672,52.166.239.43,192.168.67.64,1497,0,314,-1
377,2.908823,52.166.239.43,192.168.67.64,1497,0,315,-1
378,2.908952,52.166.239.43,192.168.67.64,1497,0,316,-1
379,2.910379,52.166.239.43,192.168.67.64,1497,0,317,-1
380,2.910500,52.166.239.43,192.168.67.64,1497,0,318,-1
381,2.910649,52.166.239.43,192.168.67.64,1497,0,319,-1
382,2.910780,52.166.239.43,192.168.67.64,1497,0,320,-1
383,2.912038,52.166.239.43,192.168.67.64,1497,0,321,-1
384,2.912173,52.166.239.43,192.168.67.64,1497,0,322,-1
385,2.912321,52.166.239.43,192.168.67.64,1497,0,323,-1
386,2.912454,52.166.239.43,192.168.67.64,1497,0,324,-1
387,2.913712,52.166.239.43,192.168.67.64,1497,0,325,-1
388,2.913831,52.166.239.43,192.168.67.64,1497,0,326,-1
389,2.913981,52.166.239.43,192.168.67.64,1497,0,327,-1
390,2.914112,52.166.239.43,192.168.67.64,1497,0,328,-1
391,2.914388,192.168.67.64,52.166.239.43,52,1,-1,273 320 
392,2.915575,52.166.239.43,192.168.67.64,1497,0,329,-1
393,2.915709,52.166.239.43,192.168.67.64,1497,0,330,-1
394,2.915858,52.166.239.43,192.168.67.64,1497,0,339,-1
395,2.915988,52.166.239.43,192.168.67.64,1497,0,340,-1
396,2.916319,52.166.239.43,192.168.67.64,1497,0,341,-1
397,2.916496,52.166.239.43,192.168.67.64,1497,0,342,-1
398,2.916602,52.166.239.43,192.168.67.64,1497,0,343,-1
399,2.916733,52.166.239.43,192.168.67.64,1497,0,344,-1
400,2.918839,52.166.239.43,192.168.67.64,1497,0,345,-1
401,2.918976,52.166.239.43,192.168.67.64,1497,0,346,-1
402,2.919126,52.166.239.43,192.168.67.64,1497,0,347,-1
403,2.919256,52.166.239.43,192.168.67.64,1497,0,348,-1
404,2.920505,52.166.239.43,192.168.67.64,1497,0,349,-1
405,2.920626,52.166.239.43,192.168.67.64,1497,0,350,-1
406,2.920776,52.166.239.43,192.168.67.64,1497,0,351,-1
407,2.920905,52.166.239.43,192.168.67.64,1497,0,352,-1
408,2.922088,52.166.239.43,192.168.67.64,1497,0,353,-1
409,2.922219,52.166.239.43,192.168.67.64,1497,0,354,-1
410,2.922370,52.166.239.43,192.168.67.64,1497,0,355,-1
411,2.922501,52.166.239.43,192.168.67.64,1497,0,356,-1
412,2.924188,52.166.239.43,192.168.67.64,1497,0,357,-1
413,2.924311,52.166.239.43,192.168.67.64,1497,0,358,-1
414,2.924460,52.166.239.43,192.168.67.64,1497,0,359,-1
415,2.924592,52.166.239.43,192.168.67.64,1497,0,360,-1
416,2.924885,52.166.239.43,192.168.67.64,1497,0,361,-1
417,2.925033,52.166.239.43,192.168.67.64,1497,0,362,-1
418,2.925163,52.166.239.43,192.168.67.64,1497,0,363,-1
419,2.925311,52.166.239.43,192.168.67.64,1497,0,364,-1
420,2.925338,52.166.239.43,192.168.67.64,391,0,376,-1
421,2.925380,52.166.239.43,192.168.67.64,244,0,377,-1
422,2.925673,192.168.67.64,52.166.239.43,52,1,-1,-1
423,2.927685,192.168.67.64,52.166.239.43,59,1,-1,321 330 # 339 356 
424,2.928025,52.166.239.43,192.168.67.64,140,0,378,-1
425,2.929952,192.168.67.64,52.166.239.43,52,1,-1,-1
426,2.941122,192.168.67.64,52.166.239.43,59,1,-1,357 364 # 376 378 
427,2.946313,52.166.239.43,192.168.67.64,199,0,379,-1
428,2.959520,192.168.67.64,52.166.239.43,49,1,-1,379 
429,2.966765,52.166.239.43,192.168.67.64,182,0,380,-1
430,2.979866,192.168.67.64,52.166.239.43,49,1,-1,380 
431,3.009802,52.166.239.43,192.168.67.64,1497,0,382,-1
432,3.009802,52.166.239.43,192.168.67.64,735,0,383,-1
433,3.011982,192.168.67.64,52.166.239.43,49,1,-1,-1
434,3.022286,192.168.67.64,52.166.239.43,52,1,-1,382 383 
435,3.080072,52.166.239.43,192.168.67.64,269,0,385,-1
436,3.082074,192.168.67.64,52.166.239.43,49,1,-1,-1
437,3.093130,192.168.67.64,52.166.239.43,49,1,-1,385 
438,3.095376,52.166.239.43,192.168.67.64,1497,0,386,-1
439,3.104398,52.166.239.43,192.168.67.64,189,0,387,-1
440,3.115766,52.166.239.43,192.168.67.64,1497,0,388,-1
441,3.116952,192.168.67.64,52.166.239.43,52,1,-1,386 387 
442,3.117409,52.166.239.43,192.168.67.64,1497,0,389,-1
443,3.117555,52.166.239.43,192.168.67.64,1497,0,390,-1
444,3.117706,52.166.239.43,192.168.67.64,1497,0,391,-1
445,3.117836,52.166.239.43,192.168.67.64,1497,0,392,-1
446,3.118140,52.166.239.43,192.168.67.64,1497,0,393,-1
447,3.118277,52.166.239.43,192.168.67.64,1497,0,394,-1
448,3.118457,52.166.239.43,192.168.67.64,1497,0,395,-1
449,3.124296,52.166.239.43,192.168.67.64,138,0,396,-1
450,3.135198,52.166.239.43,192.168.67.64,1497,0,397,-1
451,3.135300,52.166.239.43,192.168.67.64,1497,0,398,-1
452,3.135446,52.166.239.43,192.168.67.64,1497,0,399,-1
453,3.135577,52.166.239.43,192.168.67.64,1497,0,400,-1
454,3.136860,52.166.239.43,192.168.67.64,1497,0,401,-1
455,3.137570,192.168.67.64,52.166.239.43,52,1,-1,388 396 
456,3.138257,52.166.239.43,192.168.67.64,1497,0,402,-1
457,3.138370,52.166.239.43,192.168.67.64,1497,0,403,-1
458,3.138519,52.166.239.43,192.168.67.64,1497,0,404,-1
459,3.138651,52.166.239.43,192.168.67.64,1497,0,405,-1
460,3.139924,52.166.239.43,192.168.67.64,1497,0,406,-1
461,3.140047,52.166.239.43,192.168.67.64,1497,0,407,-1
462,3.140196,52.166.239.43,192.168.67.64,1497,0,408,-1
463,3.140328,52.166.239.43,192.168.67.64,1497,0,409,-1
464,3.141550,52.166.239.43,192.168.67.64,1497,0,410,-1
465,3.141681,52.166.239.43,192.168.67.64,1497,0,411,-1
466,3.141828,52.166.239.43,192.168.67.64,1497,0,412,-1
467,3.141957,52.166.239.43,192.168.67.64,1497,0,413,-1
468,3.143248,52.166.239.43,192.168.67.64,1497,0,414,-1
469,3.143338,52.166.239.43,192.168.67.64,1163,0,415,-1
470,3.144615,52.166.239.43,192.168.67.64,185,0,416,-1
471,3.145338,192.168.67.64,52.166.239.43,52,1,-1,397 415 
472,3.157548,192.168.67.64,52.166.239.43,49,1,-1,416 
473,3.167138,52.166.239.43,192.168.67.64,211,0,417,-1
474,3.179934,192.168.67.64,52.166.239.43,49,1,-1,417 
475,3.187402,52.166.239.43,192.168.67.64,103,0,418,-1
476,3.200752,192.168.67.64,52.166.239.43,49,1,-1,418 
477,3.211986,52.166.239.43,192.168.67.64,188,0,419,-1
478,3.218721,52.166.239.43,192.168.67.64,129,0,420,-1
479,3.231365,192.168.67.64,52.166.239.43,52,1,-1,419 420 
480,3.233265,52.166.239.43,192.168.67.64,133,0,421,-1
481,3.246332,192.168.67.64,52.166.239.43,49,1,-1,421 
482,3.253808,52.166.239.43,192.168.67.64,164,0,422,-1
483,3.266704,192.168.67.64,52.166.239.43,49,1,-1,422 
484,3.277599,52.166.239.43,192.168.67.64,239,0,423,-1
485,3.289124,52.166.239.43,192.168.67.64,229,0,424,-1
486,3.290225,192.168.67.64,52.166.239.43,49,1,-1,423 
487,3.304488,52.166.239.43,192.168.67.64,131,0,425,-1
488,3.304782,192.168.67.64,52.166.239.43,49,1,-1,424 
489,3.318897,192.168.67.64,52.166.239.43,49,1,-1,425 
490,3.322144,52.166.239.43,192.168.67.64,170,0,426,-1
491,3.335105,192.168.67.64,52.166.239.43,49,1,-1,426 
492,3.344248,52.166.239.43,192.168.67.64,157,0,427,-1
493,3.356980,192.168.67.64,52.166.239.43,49,1,-1,427 
494,3.365292,52.166.239.43,192.168.67.64,182,0,428,-1
495,3.378396,192.168.67.64,52.166.239.43,49,1,-1,428 
496,3.386718,52.166.239.43,192.168.67.64,133,0,429,-1
497,3.399888,192.168.67.64,52.166.239.43,49,1,-1,429 
498,3.408635,52.166.239.43,192.168.67.64,256,0,430,-1
499,3.421557,192.168.67.64,52.166.239.43,49,1,-1,430 
500,3.431945,52.166.239.43,192.168.67.64,104,0,431,-1
501,3.445054,192.168.67.64,52.166.239.43,49,1,-1,431 
502,3.454446,52.166.239.43,192.168.67.64,239,0,432,-1
503,3.467487,192.168.67.64,52.166.239.43,49,1,-1,432 
504,3.476282,52.166.239.43,192.168.67.64,180,0,433,-1
505,3.490662,192.168.67.64,52.166.239.43,49,1,-1,433 
506,3.499813,52.166.239.43,192.168.67.64,134,0,434,-1
507,3.512615,192.168.67.64,52.166.239.43,49,1,-1,434 
508,3.524057,52.166.239.43,192.168.67.64,170,0,435,-1
509,3.537090,192.168.67.64,52.166.239.43,49,1,-1,435 
510,3.548235,52.166.239.43,192.168.67.64,108,0,436,-1
511,3.561103,192.168.67.64,52.166.239.43,49,1,-1,436 
512,3.570922,52.166.239.43,192.168.67.64,1497,0,437,-1
513,3.570922,52.166.239.43,192.168.67.64,246,0,438,-1
514,3.573034,192.168.67.64,52.166.239.43,52,1,-1,437 438 
515,3.593184,52.166.239.43,192.168.67.64,160,0,439,-1
516,3.606260,192.168.67.64,52.166.239.43,49,1,-1,439 
517,3.637301,52.166.239.43,192.168.67.64,247,0,440,-1
518,3.649587,192.168.67.64,52.166.239.43,49,1,-1,440 
519,3.658861,52.166.239.43,192.168.67.64,134,0,441,-1
520,3.671915,192.168.67.64,52.166.239.43,49,1,-1,441 
521,3.680789,52.166.239.43,192.168.67.64,254,0,442,-1
522,3.693757,192.168.67.64,52.166.239.43,49,1,-1,442 
523,3.704486,52.166.239.43,192.168.67.64,159,0,443,-1
524,3.717407,192.168.67.64,52.166.239.43,49,1,-1,443 
525,3.724724,52.166.239.43,192.168.67.64,137,0,444,-1
526,3.737298,192.168.67.64,52.166.239.43,49,1,-1,444 
527,3.746947,52.166.239.43,192.168.67.64,186,0,445,-1
528,3.759885,192.168.67.64,52.166.239.43,49,1,-1,445 
529,3.785057,52.166.239.43,192.168.67.64,104,0,446,-1
530,3.790127,52.166.239.43,192.168.67.64,309,0,447,-1
531,3.802289,192.168.67.64,52.166.239.43,52,1,-1,446 447 
532,3.813400,192.168.67.64,52.166.239.43,74,1,28,-1
533,3.833252,52.166.239.43,192.168.67.64,255,0,449,-1
534,3.836159,192.168.67.64,52.166.239.43,49,1,-1,-1
535,3.846271,192.168.67.64,52.166.239.43,49,1,-1,449 
536,3.869943,52.166.239.43,192.168.67.64,434,0,450,-1
537,3.883690,192.168.67.64,52.166.239.43,49,1,-1,450 
538,3.892351,52.166.239.43,192.168.67.64,185,0,451,-1
539,3.905459,192.168.67.64,52.166.239.43,49,1,-1,451 
540,3.914777,52.166.239.43,192.168.67.64,135,0,452,-1
541,3.927828,192.168.67.64,52.166.239.43,49,1,-1,452 
542,3.937230,52.166.239.43,192.168.67.64,423,0,453,-1
543,3.950415,192.168.67.64,52.166.239.43,49,1,-1,453 
544,3.957044,52.166.239.43,192.168.67.64,103,0,454,-1
545,3.970430,192.168.67.64,52.166.239.43,49,1,-1,454 
546,3.980936,52.166.239.43,192.168.67.64,318,0,455,-1
547,3.994481,192.168.67.64,52.166.239.43,49,1,-1,455 
548,4.019450,52.166.239.43,192.168.67.64,130,0,456,-1
549,4.031660,192.168.67.64,52.166.239.43,49,1,-1,456 
550,4.033626,52.166.239.43,192.168.67.64,216,0,457,-1
551,4.033626,52.166.239.43,192.168.67.64,60,0,-1,28 
552,4.042882,52.166.239.43,192.168.67.64,98,0,458,-1
553,4.054641,52.166.239.43,192.168.67.64,161,0,459,-1
554,4.055435,192.168.67.64,52.166.239.43,52,1,-1,457 458 
555,4.067245,192.168.67.64,52.166.239.43,49,1,-1,459 
556,4.077843,52.166.239.43,192.168.67.64,243,0,460,-1
557,4.091106,192.168.67.64,52.166.239.43,49,1,-1,460 
558,4.100048,52.166.239.43,192.168.67.64,159,0,461,-1
559,4.113136,192.168.67.64,52.166.239.43,49,1,-1,461 
560,4.121018,52.166.239.43,192.168.67.64,182,0,462,-1
561,4.133848,192.168.67.64,52.166.239.43,49,1,-1,462 
562,4.144880,52.166.239.43,192.168.67.64,199,0,463,-1
563,4.157713,192.168.67.64,52.166.239.43,49,1,-1,463 
564,4.189072,52.166.239.43,192.168.67.64,314,0,464,-1
565,4.201972,192.168.67.64,52.166.239.43,49,1,-1,464 
566,4.213889,52.166.239.43,192.168.67.64,159,0,465,-1
567,4.226776,192.168.67.64,52.166.239.43,49,1,-1,465 
568,4.235755,52.166.239.43,192.168.67.64,279,0,466,-1
569,4.248447,192.168.67.64,52.166.239.43,49,1,-1,466 
570,4.248455,192.168.67.64,52.166.239.43,84,1,29,-1
571,4.280647,52.166.239.43,192.168.67.64,238,0,467,-1
572,4.293753,192.168.67.64,52.166.239.43,49,1,-1,467 
573,4.304218,52.166.239.43,192.168.67.64,167,0,468,-1
574,4.317444,192.168.67.64,52.166.239.43,49,1,-1,468 
575,4.327583,52.166.239.43,192.168.67.64,186,0,469,-1
576,4.340618,192.168.67.64,52.166.239.43,49,1,-1,469 
577,4.349572,52.166.239.43,192.168.67.64,135,0,470,-1
578,4.362741,192.168.67.64,52.166.239.43,49,1,-1,470 
579,4.370637,52.166.239.43,192.168.67.64,158,0,471,-1
580,4.383590,192.168.67.64,52.166.239.43,49,1,-1,471 
581,4.394392,52.166.239.43,192.168.67.64,273,0,472,-1
582,4.407301,192.168.67.64,52.166.239.43,49,1,-1,472 
583,4.426464,52.166.239.43,192.168.67.64,127,0,473,-1
584,4.440328,192.168.67.64,52.166.239.43,49,1,-1,473 
585,4.442623,52.166.239.43,192.168.67.64,193,0,474,-1
586,4.455877,192.168.67.64,52.166.239.43,49,1,-1,474 
587,4.463963,52.166.239.43,192.168.67.64,103,0,475,-1
588,4.477130,192.168.67.64,52.166.239.43,49,1,-1,475 
589,4.477143,192.168.67.64,52.166.239.43,209,1,30,-1
590,4.484460,52.166.239.43,192.168.67.64,60,0,-1,29 
591,4.484460,52.166.239.43,192.168.67.64,276,0,476,-1
592,4.498026,192.168.67.64,52.166.239.43,49,1,-1,476 
593,4.513040,52.166.239.43,192.168.67.64,130,0,477,-1
594,4.526102,192.168.67.64,52.166.239.43,49,1,-1,477 
595,4.537347,52.166.239.43,192.168.67.64,231,0,478,-1
596,4.550356,192.168.67.64,52.166.239.43,49,1,-1,478 
597,4.560707,52.166.239.43,192.168.67.64,102,0,479,-1
598,4.573337,192.168.67.64,52.166.239.43,49,1,-1,479 
599,4.585127,52.166.239.43,192.168.67.64,272,0,480,-1
600,4.598246,192.168.67.64,52.166.239.43,49,1,-1,480 
601,4.618948,52.166.239.43,192.168.67.64,161,0,481,-1
602,4.632187,192.168.67.64,52.166.239.43,49,1,-1,481 
603,4.645776,52.166.239.43,192.168.67.64,230,0,482,-1
604,4.658601,192.168.67.64,52.166.239.43,49,1,-1,482 
605,4.669954,192.168.67.64,52.166.239.43,98,1,31,-1
606,4.696137,52.166.239.43,192.168.67.64,60,0,-1,30 
607,4.696137,52.166.239.43,192.168.67.64,263,0,483,-1
608,4.709017,192.168.67.64,52.166.239.43,49,1,-1,483 
609,4.709033,192.168.67.64,52.166.239.43,91,1,32,-1
610,4.716164,52.166.239.43,192.168.67.64,134,0,484,-1
611,4.729288,192.168.67.64,52.166.239.43,49,1,-1,484 
612,4.738313,52.166.239.43,192.168.67.64,200,0,485,-1
613,4.751261,192.168.67.64,52.166.239.43,49,1,-1,485 
614,4.761261,52.166.239.43,192.168.67.64,102,0,486,-1
615,4.762338,192.168.67.64,52.166.239.43,125,1,33,-1
616,4.774258,192.168.67.64,52.166.239.43,49,1,-1,486 
617,4.789961,52.166.239.43,192.168.67.64,247,0,487,-1
618,4.803348,192.168.67.64,52.166.239.43,49,1,-1,487 
619,4.811600,52.166.239.43,192.168.67.64,240,0,488,-1
620,4.824627,192.168.67.64,52.166.239.43,49,1,-1,488 
621,4.839499,52.166.239.43,192.168.67.64,257,0,489,-1
622,4.852611,192.168.67.64,52.166.239.43,49,1,-1,489 
623,4.866731,52.166.239.43,192.168.67.64,135,0,490,-1
624,4.879639,192.168.67.64,52.166.239.43,49,1,-1,490 
625,4.894821,52.166.239.43,192.168.67.64,60,0,-1,31 
626,4.894821,52.166.239.43,192.168.67.64,240,0,491,-1
627,4.907938,192.168.67.64,52.166.239.43,49,1,-1,491 
628,4.916840,52.166.239.43,192.168.67.64,104,0,492,-1
629,4.929803,192.168.67.64,52.166.239.43,49,1,-1,492 
630,4.938954,52.166.239.43,192.168.67.64,60,0,-1,32 
631,4.938954,52.166.239.43,192.168.67.64,232,0,493,-1
632,4.951259,192.168.67.64,52.166.239.43,49,1,-1,493 
633,4.984104,52.166.239.43,192.168.67.64,60,0,-1,33 
634,4.984104,52.166.239.43,192.168.67.64,188,0,494,-1
635,4.997279,192.168.67.64,52.166.239.43,49,1,-1,494 
636,5.008347,52.166.239.43,192.168.67.64,184,0,495,-1
637,5.021640,192.168.67.64,52.166.239.43,49,1,-1,495 
638,5.029131,52.166.239.43,192.168.67.64,134,0,496,-1
639,5.044895,192.168.67.64,52.166.239.43,49,1,-1,496 
640,5.056653,52.166.239.43,192.168.67.64,232,0,497,-1
641,5.070555,192.168.67.64,52.166.239.43,49,1,-1,497 
642,5.077153,52.166.239.43,192.168.67.64,159,0,498,-1
643,5.090607,192.168.67.64,52.166.239.43,49,1,-1,498 
644,5.098537,52.166.239.43,192.168.67.64,189,0,499,-1
645,5.111386,192.168.67.64,52.166.239.43,49,1,-1,499 
646,5.123578,52.166.239.43,192.168.67.64,103,0,500,-1
647,5.136562,192.168.67.64,52.166.239.43,49,1,-1,500 
648,5.142884,52.166.239.43,192.168.67.64,172,0,501,-1
649,5.155828,192.168.67.64,52.166.239.43,49,1,-1,501 
650,5.165234,52.166.239.43,192.168.67.64,136,0,502,-1
651,5.178321,192.168.67.64,52.166.239.43,49,1,-1,502 
652,5.188529,52.166.239.43,192.168.67.64,215,0,503,-1
653,5.202202,192.168.67.64,52.166.239.43,49,1,-1,503 
654,5.209976,52.166.239.43,192.168.67.64,186,0,504,-1
655,5.223332,192.168.67.64,52.166.239.43,49,1,-1,504 
656,5.250772,52.166.239.43,192.168.67.64,110,0,505,-1
657,5.263822,192.168.67.64,52.166.239.43,49,1,-1,505 
658,5.317814,52.166.239.43,192.168.67.64,271,0,508,-1
659,5.319910,192.168.67.64,52.166.239.43,52,1,-1,-1
660,5.330928,192.168.67.64,52.166.239.43,49,1,-1,508 
661,5.338282,52.166.239.43,192.168.67.64,201,0,509,-1
662,5.351273,192.168.67.64,52.166.239.43,49,1,-1,509 
663,5.360106,52.166.239.43,192.168.67.64,132,0,510,-1
664,5.373348,192.168.67.64,52.166.239.43,49,1,-1,510 
665,5.376517,52.166.239.43,192.168.67.64,220,0,511,-1
666,5.389690,192.168.67.64,52.166.239.43,49,1,-1,511 
667,5.398123,52.166.239.43,192.168.67.64,331,0,512,-1
668,5.410758,192.168.67.64,52.166.239.43,49,1,-1,512 
669,5.419971,52.166.239.43,192.168.67.64,135,0,513,-1
670,5.433940,192.168.67.64,52.166.239.43,49,1,-1,513 
671,5.441529,52.166.239.43,192.168.67.64,163,0,514,-1
672,5.455773,192.168.67.64,52.166.239.43,49,1,-1,514 
673,5.464796,52.166.239.43,192.168.67.64,418,0,515,-1
674,5.478887,192.168.67.64,52.166.239.43,49,1,-1,515 
675,5.486340,52.166.239.43,192.168.67.64,158,0,516,-1
676,5.498487,192.168.67.64,52.166.239.43,49,1,-1,516 
677,5.507279,52.166.239.43,192.168.67.64,242,0,517,-1
678,5.520234,192.168.67.64,52.166.239.43,49,1,-1,517 
679,5.526905,52.166.239.43,192.168.67.64,186,0,518,-1
680,5.526905,52.166.239.43,192.168.67.64,239,0,519,-1
681,5.528407,52.166.239.43,192.168.67.64,103,0,520,-1
682,5.541465,192.168.67.64,52.166.239.43,52,1,-1,518 520 
683,5.551117,52.166.239.43,192.168.67.64,135,0,521,-1
684,5.564141,192.168.67.64,52.166.239.43,49,1,-1,521 
685,5.579754,52.166.239.43,192.168.67.64,1497,0,522,-1
686,5.579870,52.166.239.43,192.168.67.64,1497,0,523,-1
687,5.580018,52.166.239.43,192.168.67.64,1497,0,524,-1
688,5.580143,52.166.239.43,192.168.67.64,1497,0,525,-1
689,5.581596,52.166.239.43,192.168.67.64,1497,0,526,-1
690,5.581727,52.166.239.43,192.168.67.64,1437,0,527,-1
691,5.584165,192.168.67.64,52.166.239.43,52,1,-1,522 527 
692,5.594196,52.166.239.43,192.168.67.64,101,0,528,-1
693,5.607490,192.168.67.64,52.166.239.43,49,1,-1,528 
694,5.618355,52.166.239.43,192.168.67.64,1497,0,529,-1
695,5.618355,52.166.239.43,192.168.67.64,191,0,530,-1
696,5.621376,192.168.67.64,52.166.239.43,52,1,-1,529 530 
697,5.639524,52.166.239.43,192.168.67.64,181,0,531,-1
698,5.652971,192.168.67.64,52.166.239.43,49,1,-1,531 
699,5.661433,52.166.239.43,192.168.67.64,200,0,532,-1
700,5.674290,192.168.67.64,52.166.239.43,49,1,-1,532 
701,5.674303,192.168.67.64,52.166.239.43,58,1,34,-1
702,5.683847,52.166.239.43,192.168.67.64,158,0,533,-1
703,5.697112,192.168.67.64,52.166.239.43,49,1,-1,533 
704,5.728673,52.166.239.43,192.168.67.64,241,0,534,-1
705,5.741876,192.168.67.64,52.166.239.43,49,1,-1,534 
706,5.751172,52.166.239.43,192.168.67.64,164,0,535,-1
707,5.764078,192.168.67.64,52.166.239.43,49,1,-1,535 
708,5.777027,52.166.239.43,192.168.67.64,1497,0,536,-1
709,5.777125,52.166.239.43,192.168.67.64,1497,0,537,-1
710,5.777163,52.166.239.43,192.168.67.64,397,0,538,-1
711,5.779709,192.168.67.64,52.166.239.43,52,1,-1,536 538 
712,5.796355,52.166.239.43,192.168.67.64,133,0,539,-1
713,5.808503,192.168.67.64,52.166.239.43,49,1,-1,539 
714,5.819654,192.168.67.64,52.166.239.43,72,1,35,-1
715,5.821520,52.166.239.43,192.168.67.64,472,0,540,-1
716,5.834658,192.168.67.64,52.166.239.43,49,1,-1,540 
717,5.846231,52.166.239.43,192.168.67.64,246,0,541,-1
718,5.859227,192.168.67.64,52.166.239.43,49,1,-1,541 
719,5.859236,192.168.67.64,52.166.239.43,72,1,36,-1
720,5.867768,52.166.239.43,192.168.67.64,170,0,542,-1
721,5.880702,192.168.67.64,52.166.239.43,49,1,-1,542 
722,5.889962,52.166.239.43,192.168.67.64,135,0,543,-1
723,5.902791,192.168.67.64,52.166.239.43,49,1,-1,543 
724,5.912024,52.166.239.43,192.168.67.64,60,0,-1,34 
725,5.912024,52.166.239.43,192.168.67.64,160,0,544,-1
726,5.925010,192.168.67.64,52.166.239.43,49,1,-1,544 
727,5.933422,52.166.239.43,192.168.67.64,243,0,545,-1
728,5.945815,192.168.67.64,52.166.239.43,49,1,-1,545 
729,5.953582,52.166.239.43,192.168.67.64,104,0,546,-1
730,5.966800,192.168.67.64,52.166.239.43,49,1,-1,546 
731,6.021272,52.166.239.43,192.168.67.64,282,0,548,-1
732,6.025791,192.168.67.64,52.166.239.43,49,1,-1,-1
733,6.036771,192.168.67.64,52.166.239.43,49,1,-1,548 
734,6.045972,52.166.239.43,192.168.67.64,60,0,-1,35 
735,6.046006,52.166.239.43,192.168.67.64,382,0,549,-1
736,6.059208,192.168.67.64,52.166.239.43,49,1,-1,549 
737,6.066576,52.166.239.43,192.168.67.64,170,0,550,-1
738,6.079671,192.168.67.64,52.166.239.43,49,1,-1,550 
739,6.091120,52.166.239.43,192.168.67.64,60,0,-1,36 
740,6.091120,52.166.239.43,192.168.67.64,185,0,551,-1
741,6.104209,192.168.67.64,52.166.239.43,49,1,-1,551 
742,6.137152,52.166.239.43,192.168.67.64,299,0,552,-1
743,6.151363,192.168.67.64,52.166.239.43,49,1,-1,552 
744,6.174214,52.166.239.43,192.168.67.64,387,0,553,-1
745,6.187434,192.168.67.64,52.166.239.43,49,1,-1,553 
746,6.193690,52.166.239.43,192.168.67.64,134,0,554,-1
747,6.206843,192.168.67.64,52.166.239.43,49,1,-1,554 
748,6.217188,52.166.239.43,192.168.67.64,243,0,555,-1
749,6.230261,192.168.67.64,52.166.239.43,49,1,-1,555 
750,6.233144,52.166.239.43,192.168.67.64,248,0,556,-1
751,6.240402,52.166.239.43,192.168.67.64,159,0,557,-1
752,6.253635,192.168.67.64,52.166.239.43,52,1,-1,556 557 
753,6.266785,52.166.239.43,192.168.67.64,199,0,558,-1
754,6.279632,192.168.67.64,52.166.239.43,49,1,-1,558 
755,6.287387,52.166.239.43,192.168.67.64,104,0,559,-1
756,6.300462,192.168.67.64,52.166.239.43,49,1,-1,559 
757,6.319929,52.166.239.43,192.168.67.64,242,0,560,-1
758,6.333940,192.168.67.64,52.166.239.43,49,1,-1,560 
759,6.334909,52.166.239.43,192.168.67.64,131,0,561,-1
760,6.348046,192.168.67.64,52.166.239.43,49,1,-1,561 
761,6.354904,52.166.239.43,192.168.67.64,133,0,562,-1
762,6.368095,192.168.67.64,52.166.239.43,49,1,-1,562 
763,6.374947,52.166.239.43,192.168.67.64,195,0,563,-1
764,6.388265,192.168.67.64,52.166.239.43,49,1,-1,563 
765,6.421681,52.166.239.43,192.168.67.64,271,0,564,-1
766,6.434897,192.168.67.64,52.166.239.43,49,1,-1,564 
767,6.442472,52.166.239.43,192.168.67.64,155,0,565,-1
768,6.455705,192.168.67.64,52.166.239.43,49,1,-1,565 
769,6.464019,52.166.239.43,192.168.67.64,138,0,566,-1
770,6.477225,192.168.67.64,52.166.239.43,49,1,-1,566 
771,6.507096,52.166.239.43,192.168.67.64,156,0,567,-1
772,6.520457,192.168.67.64,52.166.239.43,49,1,-1,567 
773,6.547786,52.166.239.43,192.168.67.64,1497,0,568,-1
774,6.547786,52.166.239.43,192.168.67.64,1497,0,569,-1
775,6.547786,52.166.239.43,192.168.67.64,1497,0,570,-1
776,6.547891,52.166.239.43,192.168.67.64,1497,0,571,-1
777,6.548870,52.166.239.43,192.168.67.64,1497,0,572,-1
778,6.549003,52.166.239.43,192.168.67.64,1497,0,573,-1
779,6.549153,52.166.239.43,192.168.67.64,1497,0,574,-1
780,6.549284,52.166.239.43,192.168.67.64,1497,0,575,-1
781,6.550862,52.166.239.43,192.168.67.64,1497,0,576,-1
782,6.550975,52.166.239.43,192.168.67.64,1497,0,577,-1
783,6.551125,52.166.239.43,192.168.67.64,1497,0,578,-1
784,6.551271,52.166.239.43,192.168.67.64,1497,0,579,-1
785,6.552549,52.166.239.43,192.168.67.64,1497,0,580,-1
786,6.552680,52.166.239.43,192.168.67.64,1497,0,581,-1
787,6.552829,52.166.239.43,192.168.67.64,1497,0,582,-1
788,6.552963,52.166.239.43,192.168.67.64,1497,0,583,-1
789,6.554351,52.166.239.43,192.168.67.64,1497,0,584,-1
790,6.554475,52.166.239.43,192.168.67.64,1497,0,585,-1
791,6.554624,52.166.239.43,192.168.67.64,1497,0,586,-1
792,6.554755,52.166.239.43,192.168.67.64,1497,0,587,-1
793,6.555094,52.166.239.43,192.168.67.64,1497,0,588,-1
794,6.555228,52.166.239.43,192.168.67.64,1497,0,589,-1
795,6.555379,52.166.239.43,192.168.67.64,1497,0,590,-1
796,6.555510,52.166.239.43,192.168.67.64,1497,0,591,-1
797,6.557458,52.166.239.43,192.168.67.64,1497,0,592,-1
798,6.557575,52.166.239.43,192.168.67.64,1497,0,593,-1
799,6.557726,52.166.239.43,192.168.67.64,1497,0,594,-1
800,6.557858,52.166.239.43,192.168.67.64,1497,0,595,-1
801,6.559145,52.166.239.43,192.168.67.64,1497,0,596,-1
802,6.559270,52.166.239.43,192.168.67.64,1497,0,597,-1
803,6.559421,52.166.239.43,192.168.67.64,1497,0,598,-1
804,6.559551,52.166.239.43,192.168.67.64,1497,0,599,-1
805,6.560804,192.168.67.64,52.166.239.43,52,1,-1,568 595 
806,6.561351,52.166.239.43,192.168.67.64,1497,0,600,-1
807,6.561469,52.166.239.43,192.168.67.64,1497,0,601,-1
808,6.561621,52.166.239.43,192.168.67.64,1497,0,602,-1
809,6.561752,52.166.239.43,192.168.67.64,1497,0,603,-1
810,6.562056,52.166.239.43,192.168.67.64,1497,0,604,-1
811,6.562189,52.166.239.43,192.168.67.64,1497,0,605,-1
812,6.562341,52.166.239.43,192.168.67.64,1497,0,606,-1
813,6.562470,52.166.239.43,192.168.67.64,1497,0,607,-1
814,6.564506,52.166.239.43,192.168.67.64,1497,0,608,-1
815,6.564573,52.166.239.43,192.168.67.64,1497,0,609,-1
816,6.564723,52.166.239.43,192.168.67.64,1497,0,610,-1
817,6.564854,52.166.239.43,192.168.67.64,1497,0,611,-1
818,6.566124,52.166.239.43,192.168.67.64,1497,0,612,-1
819,6.566249,52.166.239.43,192.168.67.64,1497,0,613,-1
820,6.566400,52.166.239.43,192.168.67.64,1497,0,614,-1
821,6.566532,52.166.239.43,192.168.67.64,1497,0,615,-1
822,6.567744,52.166.239.43,192.168.67.64,1497,0,616,-1
823,6.567863,52.166.239.43,192.168.67.64,1497,0,617,-1
824,6.568014,52.166.239.43,192.168.67.64,1497,0,618,-1
825,6.568145,52.166.239.43,192.168.67.64,1497,0,619,-1
826,6.568447,52.166.239.43,192.168.67.64,1497,0,620,-1
827,6.568580,52.166.239.43,192.168.67.64,1497,0,621,-1
828,6.568731,52.166.239.43,192.168.67.64,1497,0,622,-1
829,6.568862,52.166.239.43,192.168.67.64,1497,0,623,-1
830,6.569180,52.166.239.43,192.168.67.64,1497,0,624,-1
831,6.569308,52.166.239.43,192.168.67.64,1497,0,625,-1
832,6.569457,52.166.239.43,192.168.67.64,1497,0,626,-1
833,6.569587,52.166.239.43,192.168.67.64,1497,0,627,-1
834,6.572126,52.166.239.43,192.168.67.64,1497,0,628,-1
835,6.572265,52.166.239.43,192.168.67.64,1497,0,629,-1
836,6.572421,52.166.239.43,192.168.67.64,1497,0,630,-1
837,6.572547,52.166.239.43,192.168.67.64,1497,0,631,-1
838,6.573700,192.168.67.64,52.166.239.43,52,1,-1,596 618 
839,6.574039,52.166.239.43,192.168.67.64,1497,0,632,-1
840,6.574169,52.166.239.43,192.168.67.64,1497,0,633,-1
841,6.574319,52.166.239.43,192.168.67.64,1497,0,634,-1
842,6.574449,52.166.239.43,192.168.67.64,1497,0,635,-1
843,6.575521,52.166.239.43,192.168.67.64,1497,0,636,-1
844,6.575654,52.166.239.43,192.168.67.64,1497,0,637,-1
845,6.575805,52.166.239.43,192.168.67.64,1497,0,638,-1
846,6.575935,52.166.239.43,192.168.67.64,1497,0,639,-1
847,6.578794,52.166.239.43,192.168.67.64,1497,0,640,-1
848,6.578927,52.166.239.43,192.168.67.64,1497,0,641,-1
849,6.579079,52.166.239.43,192.168.67.64,1497,0,642,-1
850,6.579209,52.166.239.43,192.168.67.64,1497,0,643,-1
851,6.580647,52.166.239.43,192.168.67.64,1497,0,644,-1
852,6.580775,52.166.239.43,192.168.67.64,1497,0,645,-1
853,6.580925,52.166.239.43,192.168.67.64,1497,0,647,-1
854,6.581056,52.166.239.43,192.168.67.64,1497,0,646,-1
855,6.582288,52.166.239.43,192.168.67.64,1497,0,648,-1
856,6.582423,52.166.239.43,192.168.67.64,1497,0,649,-1
857,6.582573,52.166.239.43,192.168.67.64,1497,0,650,-1
858,6.582703,52.166.239.43,192.168.67.64,1497,0,651,-1
859,6.583007,52.166.239.43,192.168.67.64,1497,0,652,-1
860,6.583153,52.166.239.43,192.168.67.64,1497,0,653,-1
861,6.583204,52.166.239.43,192.168.67.64,646,0,654,-1
862,6.583204,52.166.239.43,192.168.67.64,169,0,655,-1
863,6.584823,192.168.67.64,52.166.239.43,52,1,-1,619 647 
864,6.584838,192.168.67.64,52.166.239.43,49,1,-1,-1
865,6.585452,192.168.67.64,52.166.239.43,52,1,-1,648 654 
866,6.596995,192.168.67.64,52.166.239.43,49,1,-1,655 
867,6.599388,52.166.239.43,192.168.67.64,129,0,656,-1
868,6.612449,192.168.67.64,52.166.239.43,49,1,-1,656 
869,6.625196,52.166.239.43,192.168.67.64,242,0,657,-1
870,6.638352,192.168.67.64,52.166.239.43,49,1,-1,657 
871,6.670352,192.168.67.64,52.166.239.43,75,1,37,-1
872,6.671796,52.166.239.43,192.168.67.64,255,0,658,-1
873,6.684953,192.168.67.64,52.166.239.43,49,1,-1,658 
874,6.693423,52.166.239.43,192.168.67.64,103,0,659,-1
875,6.706534,192.168.67.64,52.166.239.43,49,1,-1,659 
876,6.719370,52.166.239.43,192.168.67.64,183,0,660,-1
877,6.732337,192.168.67.64,52.166.239.43,49,1,-1,660 
878,6.743033,52.166.239.43,192.168.67.64,152,0,661,-1
879,6.756213,192.168.67.64,52.166.239.43,49,1,-1,661 
880,6.770524,52.166.239.43,192.168.67.64,170,0,662,-1
881,6.783712,192.168.67.64,52.166.239.43,49,1,-1,662 
882,6.794613,52.166.239.43,192.168.67.64,159,0,663,-1
883,6.807657,192.168.67.64,52.166.239.43,49,1,-1,663 
884,6.817479,52.166.239.43,192.168.67.64,169,0,664,-1
885,6.830671,192.168.67.64,52.166.239.43,49,1,-1,664 
886,6.837184,52.166.239.43,192.168.67.64,161,0,665,-1
887,6.850347,192.168.67.64,52.166.239.43,49,1,-1,665 
888,6.856845,52.166.239.43,192.168.67.64,102,0,666,-1
889,6.869733,192.168.67.64,52.166.239.43,49,1,-1,666 
890,6.882358,52.166.239.43,192.168.67.64,138,0,667,-1
891,6.895398,192.168.67.64,52.166.239.43,49,1,-1,667 
892,6.900057,52.166.239.43,192.168.67.64,60,0,-1,37 
893,6.900057,52.166.239.43,192.168.67.64,180,0,668,-1
894,6.913138,192.168.67.64,52.166.239.43,49,1,-1,668 
895,6.918039,52.166.239.43,192.168.67.64,297,0,669,-1
896,6.931060,192.168.67.64,52.166.239.43,49,1,-1,669 
897,6.940581,52.166.239.43,192.168.67.64,173,0,670,-1
898,6.953417,192.168.67.64,52.166.239.43,49,1,-1,670 
899,6.961641,52.166.239.43,192.168.67.64,157,0,671,-1
900,6.974650,192.168.67.64,52.166.239.43,49,1,-1,671 
901,6.974667,192.168.67.64,52.166.239.43,72,1,38,-1
902,6.986390,52.166.239.43,192.168.67.64,354,0,672,-1
903,6.999620,192.168.67.64,52.166.239.43,49,1,-1,672 
904,7.032458,52.166.239.43,192.168.67.64,233,0,673,-1
905,7.048264,192.168.67.64,52.166.239.43,49,1,-1,673 
906,7.078866,52.166.239.43,192.168.67.64,284,0,674,-1
907,7.092099,192.168.67.64,52.166.239.43,49,1,-1,674 
908,7.121389,52.166.239.43,192.168.67.64,157,0,675,-1
909,7.134118,192.168.67.64,52.166.239.43,49,1,-1,675 
910,7.145682,52.166.239.43,192.168.67.64,286,0,676,-1
911,7.158939,192.168.67.64,52.166.239.43,49,1,-1,676 
912,7.176118,52.166.239.43,192.168.67.64,163,0,677,-1
913,7.189106,192.168.67.64,52.166.239.43,49,1,-1,677 
914,7.189215,52.166.239.43,192.168.67.64,60,0,-1,38 
915,7.189215,52.166.239.43,192.168.67.64,191,0,678,-1
916,7.202616,192.168.67.64,52.166.239.43,49,1,-1,678 
917,7.209317,52.166.239.43,192.168.67.64,133,0,679,-1
918,7.222245,192.168.67.64,52.166.239.43,49,1,-1,679 
919,7.234708,52.166.239.43,192.168.67.64,257,0,680,-1
920,7.247371,192.168.67.64,52.166.239.43,49,1,-1,680 
921,7.256930,52.166.239.43,192.168.67.64,104,0,681,-1
922,7.270139,192.168.67.64,52.166.239.43,49,1,-1,681 
923,7.285007,52.166.239.43,192.168.67.64,165,0,682,-1
924,7.298238,192.168.67.64,52.166.239.43,49,1,-1,682 
925,7.300544,52.166.239.43,192.168.67.64,131,0,683,-1
926,7.313466,192.168.67.64,52.166.239.43,49,1,-1,683 
927,7.328990,52.166.239.43,192.168.67.64,163,0,684,-1
928,7.342187,192.168.67.64,52.166.239.43,49,1,-1,684 
929,7.357476,52.166.239.43,192.168.67.64,235,0,685,-1
930,7.370545,192.168.67.64,52.166.239.43,49,1,-1,685 
931,7.376020,52.166.239.43,192.168.67.64,104,0,686,-1
932,7.389133,192.168.67.64,52.166.239.43,49,1,-1,686 
933,7.397614,52.166.239.43,192.168.67.64,270,0,687,-1
934,7.410466,192.168.67.64,52.166.239.43,49,1,-1,687 
935,7.418587,52.166.239.43,192.168.67.64,162,0,688,-1
936,7.431758,192.168.67.64,52.166.239.43,49,1,-1,688 
937,7.441832,52.166.239.43,192.168.67.64,230,0,689,-1
938,7.454959,192.168.67.64,52.166.239.43,49,1,-1,689 
939,7.463054,52.166.239.43,192.168.67.64,133,0,690,-1
940,7.476365,192.168.67.64,52.166.239.43,49,1,-1,690 
941,7.484438,52.166.239.43,192.168.67.64,193,0,691,-1
942,7.497702,192.168.67.64,52.166.239.43,49,1,-1,691 
943,7.508629,52.166.239.43,192.168.67.64,158,0,692,-1
944,7.521539,192.168.67.64,52.166.239.43,49,1,-1,692 
945,7.529105,52.166.239.43,192.168.67.64,135,0,693,-1
946,7.542392,192.168.67.64,52.166.239.43,49,1,-1,693 
947,7.551176,52.166.239.43,192.168.67.64,238,0,694,-1
948,7.564349,192.168.67.64,52.166.239.43,49,1,-1,694 
949,7.576933,52.166.239.43,192.168.67.64,211,0,695,-1
950,7.590078,192.168.67.64,52.166.239.43,49,1,-1,695 
951,7.601463,52.166.239.43,192.168.67.64,192,0,696,-1
952,7.614772,192.168.67.64,52.166.239.43,49,1,-1,696 
953,7.624948,52.166.239.43,192.168.67.64,134,0,697,-1
954,7.638064,192.168.67.64,52.166.239.43,49,1,-1,697 
955,7.646393,52.166.239.43,192.168.67.64,1497,0,698,-1
956,7.646393,52.166.239.43,192.168.67.64,286,0,699,-1
957,7.648520,192.168.67.64,52.166.239.43,52,1,-1,698 699 
958,7.664666,52.166.239.43,192.168.67.64,152,0,700,-1
959,7.677691,192.168.67.64,52.166.239.43,49,1,-1,700 
960,7.685438,52.166.239.43,192.168.67.64,253,0,701,-1
961,7.698754,192.168.67.64,52.166.239.43,49,1,-1,701 
962,7.705430,52.166.239.43,192.168.67.64,235,0,702,-1
963,7.718488,192.168.67.64,52.166.239.43,49,1,-1,702 
964,7.726608,52.166.239.43,192.168.67.64,185,0,703,-1
965,7.728523,192.168.67.64,52.166.239.43,72,1,39,-1
966,7.739534,192.168.67.64,52.166.239.43,49,1,-1,703 
967,7.750709,52.166.239.43,192.168.67.64,258,0,704,-1
968,7.763793,192.168.67.64,52.166.239.43,49,1,-1,704 
969,7.770540,52.166.239.43,192.168.67.64,163,0,705,-1
970,7.783713,192.168.67.64,52.166.239.43,49,1,-1,705 
971,7.792920,52.166.239.43,192.168.67.64,213,0,706,-1
972,7.805621,192.168.67.64,52.166.239.43,49,1,-1,706 
973,7.816811,52.166.239.43,192.168.67.64,186,0,707,-1
974,7.830011,192.168.67.64,52.166.239.43,49,1,-1,707 
975,7.837838,52.166.239.43,192.168.67.64,234,0,708,-1
976,7.851029,192.168.67.64,52.166.239.43,49,1,-1,708 
977,7.859682,52.166.239.43,192.168.67.64,162,0,709,-1
978,7.872837,192.168.67.64,52.166.239.43,49,1,-1,709 
979,7.882483,52.166.239.43,192.168.67.64,140,0,710,-1
980,7.895802,192.168.67.64,52.166.239.43,49,1,-1,710 
981,7.904483,52.166.239.43,192.168.67.64,128,0,711,-1
982,7.917529,192.168.67.64,52.166.239.43,49,1,-1,711 
983,7.926191,52.166.239.43,192.168.67.64,220,0,712,-1
984,7.939209,192.168.67.64,52.166.239.43,49,1,-1,712 
985,7.947797,52.166.239.43,192.168.67.64,60,0,-1,39 
986,7.947797,52.166.239.43,192.168.67.64,206,0,713,-1
987,7.960854,192.168.67.64,52.166.239.43,49,1,-1,713 
988,7.971863,52.166.239.43,192.168.67.64,169,0,714,-1
989,7.985102,192.168.67.64,52.166.239.43,49,1,-1,714 
990,7.993146,52.166.239.43,192.168.67.64,481,0,715,-1
991,8.006339,192.168.67.64,52.166.239.43,49,1,-1,715 
992,8.014460,52.166.239.43,192.168.67.64,850,0,716,-1
993,8.027609,192.168.67.64,52.166.239.43,49,1,-1,716 
994,8.039478,52.166.239.43,192.168.67.64,241,0,717,-1
995,8.052706,192.168.67.64,52.166.239.43,49,1,-1,717 
996,8.062150,52.166.239.43,192.168.67.64,191,0,718,-1
997,8.075508,192.168.67.64,52.166.239.43,49,1,-1,718 
998,8.086397,52.166.239.43,192.168.67.64,164,0,719,-1
999,8.099657,192.168.67.64,52.166.239.43,49,1,-1,719 
1000,8.109480,52.166.239.43,192.168.67.64,182,0,720,-1
1001,8.122501,192.168.67.64,52.166.239.43,49,1,-1,720 
1002,8.130287,52.166.239.43,192.168.67.64,127,0,721,-1
1003,8.143494,192.168.67.64,52.166.239.43,49,1,-1,721 
1004,8.153949,52.166.239.43,192.168.67.64,271,0,722,-1
1005,8.166931,192.168.67.64,52.166.239.43,49,1,-1,722 
1006,8.175308,52.166.239.43,192.168.67.64,153,0,723,-1
1007,8.188438,192.168.67.64,52.166.239.43,49,1,-1,723 
1008,8.197671,52.166.239.43,192.168.67.64,199,0,724,-1
1009,8.210751,192.168.67.64,52.166.239.43,49,1,-1,724 
1010,8.276985,52.166.239.43,192.168.67.64,157,0,727,-1
1011,8.279227,192.168.67.64,52.166.239.43,52,1,-1,-1
1012,8.290057,192.168.67.64,52.166.239.43,49,1,-1,727 
1013,8.316793,52.166.239.43,192.168.67.64,163,0,729,-1
1014,8.319004,192.168.67.64,52.166.239.43,49,1,-1,-1
1015,8.330074,192.168.67.64,52.166.239.43,49,1,-1,729 
1016,8.331904,52.166.239.43,192.168.67.64,135,0,730,-1
1017,8.345023,192.168.67.64,52.166.239.43,49,1,-1,730 
1018,8.351396,52.166.239.43,192.168.67.64,208,0,731,-1
1019,8.364608,192.168.67.64,52.166.239.43,49,1,-1,731 
1020,8.378694,52.166.239.43,192.168.67.64,184,0,732,-1
1021,8.391807,192.168.67.64,52.166.239.43,49,1,-1,732 
1022,8.398476,52.166.239.43,192.168.67.64,140,0,733,-1
1023,8.400494,192.168.67.64,52.166.239.43,72,1,40,-1
1024,8.411297,192.168.67.64,52.166.239.43,49,1,-1,733 
1025,8.418020,52.166.239.43,192.168.67.64,181,0,734,-1
1026,8.431085,192.168.67.64,52.166.239.43,49,1,-1,734 
1027,8.438617,52.166.239.43,192.168.67.64,153,0,735,-1
1028,8.451598,192.168.67.64,52.166.239.43,49,1,-1,735 
1029,8.458961,52.166.239.43,192.168.67.64,163,0,736,-1
1030,8.472041,192.168.67.64,52.166.239.43,49,1,-1,736 
1031,8.482121,52.166.239.43,192.168.67.64,222,0,737,-1
1032,8.486417,52.166.239.43,192.168.67.64,132,0,738,-1
1033,8.486417,52.166.239.43,192.168.67.64,207,0,739,-1
1034,8.499328,192.168.67.64,52.166.239.43,52,1,-1,737 739 
1035,8.508279,52.166.239.43,192.168.67.64,104,0,740,-1
1036,8.521548,192.168.67.64,52.166.239.43,49,1,-1,740 
1037,8.526111,52.166.239.43,192.168.67.64,212,0,741,-1
1038,8.531489,52.166.239.43,192.168.67.64,267,0,742,-1
1039,8.544592,192.168.67.64,52.166.239.43,52,1,-1,741 742 
1040,8.572110,52.166.239.43,192.168.67.64,132,0,743,-1
1041,8.584365,192.168.67.64,52.166.239.43,49,1,-1,743 
1042,8.599943,52.166.239.43,192.168.67.64,248,0,744,-1
1043,8.613110,192.168.67.64,52.166.239.43,49,1,-1,744 
1044,8.619135,52.166.239.43,192.168.67.64,60,0,-1,40 
1045,8.619135,52.166.239.43,192.168.67.64,133,0,745,-1
1046,8.631482,192.168.67.64,52.166.239.43,49,1,-1,745 
1047,8.649196,52.166.239.43,192.168.67.64,237,0,746,-1
1048,8.662432,192.168.67.64,52.166.239.43,49,1,-1,746 
1049,8.671536,52.166.239.43,192.168.67.64,184,0,747,-1
1050,8.683736,192.168.67.64,52.166.239.43,49,1,-1,747 
1051,8.692285,52.166.239.43,192.168.67.64,229,0,748,-1
1052,8.705159,192.168.67.64,52.166.239.43,49,1,-1,748 
1053,8.715243,52.166.239.43,192.168.67.64,133,0,749,-1
1054,8.728551,192.168.67.64,52.166.239.43,49,1,-1,749 
1055,8.740027,52.166.239.43,192.168.67.64,271,0,750,-1
1056,8.753307,192.168.67.64,52.166.239.43,49,1,-1,750 
1057,8.761982,52.166.239.43,192.168.67.64,102,0,751,-1
1058,8.775062,192.168.67.64,52.166.239.43,49,1,-1,751 
1059,8.788283,52.166.239.43,192.168.67.64,224,0,752,-1
1060,8.801491,192.168.67.64,52.166.239.43,49,1,-1,752 
1061,8.814883,52.166.239.43,192.168.67.64,163,0,753,-1
1062,8.828109,192.168.67.64,52.166.239.43,49,1,-1,753 
1063,8.837349,52.166.239.43,192.168.67.64,238,0,754,-1
1064,8.850246,192.168.67.64,52.166.239.43,49,1,-1,754 
1065,8.862122,52.166.239.43,192.168.67.64,135,0,755,-1
1066,8.875125,192.168.67.64,52.166.239.43,49,1,-1,755 
1067,8.884825,52.166.239.43,192.168.67.64,198,0,756,-1
1068,8.897950,192.168.67.64,52.166.239.43,49,1,-1,756 
1069,8.908043,52.166.239.43,192.168.67.64,104,0,757,-1
1070,8.921300,192.168.67.64,52.166.239.43,49,1,-1,757 
1071,8.930050,52.166.239.43,192.168.67.64,156,0,758,-1
1072,8.943317,192.168.67.64,52.166.239.43,49,1,-1,758 
1073,8.954547,52.166.239.43,192.168.67.64,243,0,759,-1
1074,8.967797,192.168.67.64,52.166.239.43,49,1,-1,759 
1075,8.978727,52.166.239.43,192.168.67.64,134,0,760,-1
1076,8.991690,192.168.67.64,52.166.239.43,49,1,-1,760 
1077,9.003140,52.166.239.43,192.168.67.64,168,0,761,-1
1078,9.016290,192.168.67.64,52.166.239.43,49,1,-1,761 
1079,9.051010,52.166.239.43,192.168.67.64,182,0,763,-1
1080,9.053254,192.168.67.64,52.166.239.43,49,1,-1,-1
1081,9.064203,192.168.67.64,52.166.239.43,49,1,-1,763 
1082,9.072144,52.166.239.43,192.168.67.64,133,0,764,-1
1083,9.085376,192.168.67.64,52.166.239.43,49,1,-1,764 
1084,9.092204,52.166.239.43,192.168.67.64,226,0,765,-1
1085,9.105490,192.168.67.64,52.166.239.43,49,1,-1,765 
1086,9.113542,52.166.239.43,192.168.67.64,163,0,766,-1
1087,9.126651,192.168.67.64,52.166.239.43,49,1,-1,766 
1088,9.134005,52.166.239.43,192.168.67.64,179,0,767,-1
1089,9.147003,192.168.67.64,52.166.239.43,49,1,-1,767 
1090,9.158647,52.166.239.43,192.168.67.64,213,0,768,-1
1091,9.172400,192.168.67.64,52.166.239.43,49,1,-1,768 
1092,9.179589,52.166.239.43,192.168.67.64,188,0,769,-1
1093,9.192832,192.168.67.64,52.166.239.43,49,1,-1,769 
1094,9.200700,52.166.239.43,192.168.67.64,164,0,770,-1
1095,9.213772,192.168.67.64,52.166.239.43,49,1,-1,770 
1096,9.221196,52.166.239.43,192.168.67.64,324,0,771,-1
1097,9.234383,192.168.67.64,52.166.239.43,49,1,-1,771 
1098,9.240126,52.166.239.43,192.168.67.64,245,0,772,-1
1099,9.253170,192.168.67.64,52.166.239.43,49,1,-1,772 
1100,9.259034,52.166.239.43,192.168.67.64,158,0,773,-1
1101,9.259034,52.166.239.43,192.168.67.64,240,0,774,-1
1102,9.272118,192.168.67.64,52.166.239.43,52,1,-1,773 774 
1103,9.281549,52.166.239.43,192.168.67.64,219,0,775,-1
1104,9.294782,192.168.67.64,52.166.239.43,49,1,-1,775 
1105,9.304786,52.166.239.43,192.168.67.64,132,0,776,-1
1106,9.307064,192.168.67.64,52.166.239.43,72,1,41,-1
1107,9.318075,192.168.67.64,52.166.239.43,49,1,-1,776 
1108,9.325360,52.166.239.43,192.168.67.64,181,0,777,-1
1109,9.338530,192.168.67.64,52.166.239.43,49,1,-1,777 
1110,9.361353,52.166.239.43,192.168.67.64,185,0,778,-1
1111,9.371085,52.166.239.43,192.168.67.64,231,0,779,-1
1112,9.384268,192.168.67.64,52.166.239.43,52,1,-1,778 779 
1113,9.391334,52.166.239.43,192.168.67.64,105,0,780,-1
1114,9.404392,192.168.67.64,52.166.239.43,49,1,-1,780 
1115,9.414839,52.166.239.43,192.168.67.64,141,0,781,-1
1116,9.428165,192.168.67.64,52.166.239.43,49,1,-1,781 
1117,9.439767,52.166.239.43,192.168.67.64,266,0,782,-1
1118,9.452809,192.168.67.64,52.166.239.43,49,1,-1,782 
1119,9.458473,52.166.239.43,192.168.67.64,133,0,783,-1
1120,9.471697,192.168.67.64,52.166.239.43,49,1,-1,783 
1121,9.479406,52.166.239.43,192.168.67.64,193,0,784,-1
1122,9.493238,192.168.67.64,52.166.239.43,49,1,-1,784 
1123,9.503052,52.166.239.43,192.168.67.64,134,0,785,-1
1124,9.516036,192.168.67.64,52.166.239.43,49,1,-1,785 
1125,9.523452,52.166.239.43,192.168.67.64,60,0,-1,41 
1126,9.523452,52.166.239.43,192.168.67.64,205,0,786,-1
1127,9.536476,192.168.67.64,52.166.239.43,49,1,-1,786 
1128,9.546025,52.166.239.43,192.168.67.64,215,0,787,-1
1129,9.559182,192.168.67.64,52.166.239.43,49,1,-1,787 
1130,9.571177,52.166.239.43,192.168.67.64,157,0,788,-1
1131,9.584360,192.168.67.64,52.166.239.43,49,1,-1,788 
1132,9.592765,52.166.239.43,192.168.67.64,194,0,789,-1
1133,9.606006,192.168.67.64,52.166.239.43,49,1,-1,789 
1134,9.614487,52.166.239.43,192.168.67.64,187,0,790,-1
1135,9.627639,192.168.67.64,52.166.239.43,49,1,-1,790 
1136,9.634087,52.166.239.43,192.168.67.64,205,0,791,-1
1137,9.647283,192.168.67.64,52.166.239.43,49,1,-1,791 
1138,9.656843,52.166.239.43,192.168.67.64,132,0,792,-1
1139,9.669953,192.168.67.64,52.166.239.43,49,1,-1,792 
1140,9.680798,52.166.239.43,192.168.67.64,222,0,793,-1
1141,9.693928,192.168.67.64,52.166.239.43,49,1,-1,793 
1142,9.701798,52.166.239.43,192.168.67.64,132,0,794,-1
1143,9.714060,192.168.67.64,52.166.239.43,49,1,-1,794 
1144,9.724476,52.166.239.43,192.168.67.64,128,0,795,-1
1145,9.737583,192.168.67.64,52.166.239.43,49,1,-1,795 
1146,9.749054,52.166.239.43,192.168.67.64,209,0,796,-1
1147,9.762178,192.168.67.64,52.166.239.43,49,1,-1,796 
1148,9.772808,52.166.239.43,192.168.67.64,101,0,797,-1
1149,9.785854,192.168.67.64,52.166.239.43,49,1,-1,797 
1150,9.796449,52.166.239.43,192.168.67.64,241,0,798,-1
1151,9.810213,192.168.67.64,52.166.239.43,49,1,-1,798 
1152,9.818570,52.166.239.43,192.168.67.64,196,0,799,-1
1153,9.831724,192.168.67.64,52.166.239.43,49,1,-1,799 
1154,9.856806,52.166.239.43,192.168.67.64,128,0,800,-1
1155,9.863030,52.166.239.43,192.168.67.64,184,0,801,-1
1156,9.876074,192.168.67.64,52.166.239.43,52,1,-1,800 801 
1157,9.885102,52.166.239.43,192.168.67.64,160,0,802,-1
1158,9.898197,192.168.67.64,52.166.239.43,49,1,-1,802 
1159,9.907360,52.166.239.43,192.168.67.64,195,0,803,-1
1160,9.920557,192.168.67.64,52.166.239.43,49,1,-1,803 
1161,9.927218,52.166.239.43,192.168.67.64,160,0,804,-1
1162,9.940371,192.168.67.64,52.166.239.43,49,1,-1,804 
1163,9.951529,52.166.239.43,192.168.67.64,232,0,805,-1
1164,9.964743,192.168.67.64,52.166.239.43,49,1,-1,805 
1165,9.971916,52.166.239.43,192.168.67.64,160,0,806,-1
1166,9.985064,192.168.67.64,52.166.239.43,49,1,-1,806 
1167,9.992523,52.166.239.43,192.168.67.64,167,0,807,-1
1168,10.005602,192.168.67.64,52.166.239.43,49,1,-1,807 
1169,10.013907,52.166.239.43,192.168.67.64,185,0,808,-1
1170,10.027041,192.168.67.64,52.166.239.43,49,1,-1,808 
1171,10.032522,52.166.239.43,192.168.67.64,104,0,809,-1
1172,10.045485,192.168.67.64,52.166.239.43,49,1,-1,809 
1173,10.051121,52.166.239.43,192.168.67.64,237,0,810,-1
1174,10.064274,192.168.67.64,52.166.239.43,49,1,-1,810 
1175,10.074710,52.166.239.43,192.168.67.64,131,0,811,-1
1176,10.087598,192.168.67.64,52.166.239.43,49,1,-1,811 
1177,10.097010,52.166.239.43,192.168.67.64,224,0,812,-1
1178,10.110449,192.168.67.64,52.166.239.43,49,1,-1,812 
1179,10.117209,52.166.239.43,192.168.67.64,151,0,813,-1
1180,10.132541,192.168.67.64,52.166.239.43,49,1,-1,813 
1181,10.137996,52.166.239.43,192.168.67.64,202,0,814,-1
1182,10.151102,192.168.67.64,52.166.239.43,49,1,-1,814 
1183,10.162871,52.166.239.43,192.168.67.64,182,0,815,-1
1184,10.176043,192.168.67.64,52.166.239.43,49,1,-1,815 
1185,10.183488,52.166.239.43,192.168.67.64,104,0,816,-1
1186,10.196598,192.168.67.64,52.166.239.43,49,1,-1,816 
1187,10.210150,52.166.239.43,192.168.67.64,195,0,817,-1
1188,10.223231,192.168.67.64,52.166.239.43,49,1,-1,817 
1189,10.234706,52.166.239.43,192.168.67.64,181,0,818,-1
1190,10.247915,192.168.67.64,52.166.239.43,49,1,-1,818 
1191,10.260392,52.166.239.43,192.168.67.64,213,0,819,-1
1192,10.273646,192.168.67.64,52.166.239.43,49,1,-1,819 
1193,10.281338,52.166.239.43,192.168.67.64,162,0,820,-1
1194,10.294685,192.168.67.64,52.166.239.43,49,1,-1,820 
1195,10.302097,52.166.239.43,192.168.67.64,194,0,821,-1
1196,10.315342,192.168.67.64,52.166.239.43,49,1,-1,821 
1197,10.333347,52.166.239.43,192.168.67.64,159,0,822,-1
1198,10.346375,192.168.67.64,52.166.239.43,49,1,-1,822 
1199,10.347532,52.166.239.43,192.168.67.64,133,0,823,-1
1200,10.360600,192.168.67.64,52.166.239.43,49,1,-1,823 
1201,10.368791,52.166.239.43,192.168.67.64,240,0,824,-1
1202,10.381915,192.168.67.64,52.166.239.43,49,1,-1,824 
1203,10.389247,52.166.239.43,192.168.67.64,160,0,825,-1
1204,10.402405,192.168.67.64,52.166.239.43,49,1,-1,825 
1205,10.414208,52.166.239.43,192.168.67.64,140,0,826,-1
1206,10.427256,192.168.67.64,52.166.239.43,49,1,-1,826 
1207,10.439958,52.166.239.43,192.168.67.64,129,0,827,-1
1208,10.453136,192.168.67.64,52.166.239.43,49,1,-1,827 
1209,10.462036,52.166.239.43,192.168.67.64,181,0,828,-1
1210,10.475037,192.168.67.64,52.166.239.43,49,1,-1,828 
1211,10.483244,52.166.239.43,192.168.67.64,188,0,829,-1
1212,10.495846,192.168.67.64,52.166.239.43,49,1,-1,829 
1213,10.507055,52.166.239.43,192.168.67.64,138,0,830,-1
1214,10.520250,192.168.67.64,52.166.239.43,49,1,-1,830 
1215,10.528885,52.166.239.43,192.168.67.64,272,0,831,-1
1216,10.542127,192.168.67.64,52.166.239.43,49,1,-1,831 
1217,10.554175,52.166.239.43,192.168.67.64,133,0,832,-1
1218,10.567259,192.168.67.64,52.166.239.43,49,1,-1,832 
1219,10.576220,52.166.239.43,192.168.67.64,263,0,833,-1
1220,10.589595,192.168.67.64,52.166.239.43,49,1,-1,833 
1221,10.597055,52.166.239.43,192.168.67.64,133,0,834,-1
1222,10.609991,192.168.67.64,52.166.239.43,49,1,-1,834 
1223,10.618332,52.166.239.43,192.168.67.64,197,0,835,-1
1224,10.620425,192.168.67.64,52.166.239.43,75,1,42,-1
1225,10.631439,192.168.67.64,52.166.239.43,49,1,-1,835 
1226,10.641235,52.166.239.43,192.168.67.64,135,0,836,-1
1227,10.654398,192.168.67.64,52.166.239.43,49,1,-1,836 
1228,10.666472,52.166.239.43,192.168.67.64,284,0,837,-1
1229,10.679741,192.168.67.64,52.166.239.43,49,1,-1,837 
1230,10.679760,192.168.67.64,52.166.239.43,58,1,43,-1
1231,10.689940,52.166.239.43,192.168.67.64,104,0,838,-1
1232,10.703044,192.168.67.64,52.166.239.43,49,1,-1,838 
1233,10.711944,52.166.239.43,192.168.67.64,194,0,839,-1
1234,10.725099,192.168.67.64,52.166.239.43,49,1,-1,839 
1235,10.732608,52.166.239.43,192.168.67.64,157,0,840,-1
1236,10.745848,192.168.67.64,52.166.239.43,49,1,-1,840 
1237,10.755388,52.166.239.43,192.168.67.64,104,0,841,-1
1238,10.768514,192.168.67.64,52.166.239.43,49,1,-1,841 
1239,10.778014,52.166.239.43,192.168.67.64,213,0,842,-1
1240,10.779426,192.168.67.64,52.166.239.43,88,1,44,-1
1241,10.791029,192.168.67.64,52.166.239.43,49,1,-1,842 
1242,10.800366,52.166.239.43,192.168.67.64,102,0,843,-1
1243,10.813350,192.168.67.64,52.166.239.43,49,1,-1,843 
1244,10.819890,52.166.239.43,192.168.67.64,199,0,844,-1
1245,10.833018,192.168.67.64,52.166.239.43,49,1,-1,844 
1246,10.840352,52.166.239.43,192.168.67.64,138,0,845,-1
1247,10.840352,52.166.239.43,192.168.67.64,60,0,-1,42 
1248,10.853738,192.168.67.64,52.166.239.43,49,1,-1,845 
1249,10.857810,52.166.239.43,192.168.67.64,239,0,846,-1
1250,10.870957,192.168.67.64,52.166.239.43,49,1,-1,846 
1251,10.880000,52.166.239.43,192.168.67.64,103,0,847,-1
1252,10.881777,192.168.67.64,52.166.239.43,72,1,45,-1
1253,10.886973,52.166.239.43,192.168.67.64,73,0,-1,-1
1254,10.900162,192.168.67.64,52.166.239.43,52,1,-1,847 848 
1255,10.902325,52.166.239.43,192.168.67.64,60,0,-1,43 
1256,10.902325,52.166.239.43,192.168.67.64,167,0,849,-1
1257,10.915399,192.168.67.64,52.166.239.43,49,1,-1,849 
1258,10.922016,52.166.239.43,192.168.67.64,129,0,850,-1
1259,10.934611,192.168.67.64,52.166.239.43,49,1,-1,850 
1260,10.951935,52.166.239.43,192.168.67.64,372,0,851,-1
1261,10.964919,192.168.67.64,52.166.239.43,49,1,-1,851 
1262,10.974629,52.166.239.43,192.168.67.64,183,0,852,-1
1263,10.987556,192.168.67.64,52.166.239.43,49,1,-1,852 
1264,10.998540,52.166.239.43,192.168.67.64,60,0,-1,44 
1265,10.998540,52.166.239.43,192.168.67.64,158,0,853,-1
1266,11.011069,192.168.67.64,52.166.239.43,49,1,-1,853 
1267,11.021097,52.166.239.43,192.168.67.64,200,0,854,-1
1268,11.034321,192.168.67.64,52.166.239.43,49,1,-1,854 
1269,11.034336,192.168.67.64,52.166.239.43,72,1,46,-1
1270,11.040895,52.166.239.43,192.168.67.64,154,0,855,-1
1271,11.053630,192.168.67.64,52.166.239.43,49,1,-1,855 
1272,11.061439,52.166.239.43,192.168.67.64,182,0,856,-1
1273,11.074445,192.168.67.64,52.166.239.43,49,1,-1,856 
1274,11.082252,52.166.239.43,192.168.67.64,129,0,857,-1
1275,11.094906,192.168.67.64,52.166.239.43,49,1,-1,857 
1276,11.107204,52.166.239.43,192.168.67.64,60,0,-1,45 
1277,11.107204,52.166.239.43,192.168.67.64,188,0,858,-1
1278,11.120468,192.168.67.64,52.166.239.43,49,1,-1,858 
1279,11.128576,52.166.239.43,192.168.67.64,182,0,859,-1
1280,11.144411,192.168.67.64,52.166.239.43,49,1,-1,859 
1281,11.149378,52.166.239.43,192.168.67.64,130,0,860,-1
1282,11.163185,192.168.67.64,52.166.239.43,49,1,-1,860 
1283,11.173743,52.166.239.43,192.168.67.64,268,0,861,-1
1284,11.186775,192.168.67.64,52.166.239.43,49,1,-1,861 
1285,11.207008,52.166.239.43,192.168.67.64,102,0,862,-1
1286,11.216566,52.166.239.43,192.168.67.64,168,0,863,-1
1287,11.229575,192.168.67.64,52.166.239.43,52,1,-1,862 863 
1288,11.241343,52.166.239.43,192.168.67.64,156,0,864,-1
1289,11.254516,192.168.67.64,52.166.239.43,49,1,-1,864 
1290,11.263226,52.166.239.43,192.168.67.64,60,0,-1,46 
1291,11.263226,52.166.239.43,192.168.67.64,237,0,865,-1
1292,11.275933,192.168.67.64,52.166.239.43,49,1,-1,865 
1293,11.307613,52.166.239.43,192.168.67.64,209,0,866,-1
1294,11.307613,52.166.239.43,192.168.67.64,108,0,867,-1
1295,11.323276,192.168.67.64,52.166.239.43,52,1,-1,866 867 
1296,11.331349,52.166.239.43,192.168.67.64,101,0,868,-1
1297,11.344400,192.168.67.64,52.166.239.43,49,1,-1,868 
1298,11.356786,52.166.239.43,192.168.67.64,157,0,869,-1
1299,11.369835,192.168.67.64,52.166.239.43,49,1,-1,869 
1300,11.376787,52.166.239.43,192.168.67.64,212,0,870,-1
1301,11.391237,192.168.67.64,52.166.239.43,49,1,-1,870 
1302,11.402312,52.166.239.43,192.168.67.64,128,0,871,-1
1303,11.415397,192.168.67.64,52.166.239.43,49,1,-1,871 
1304,11.422954,52.166.239.43,192.168.67.64,171,0,872,-1
1305,11.436058,192.168.67.64,52.166.239.43,49,1,-1,872 
1306,11.466429,52.166.239.43,192.168.67.64,180,0,874,-1
1307,11.468318,192.168.67.64,52.166.239.43,49,1,-1,-1
1308,11.479406,192.168.67.64,52.166.239.43,49,1,-1,874 
1309,11.486893,52.166.239.43,192.168.67.64,101,0,875,-1
1310,11.500148,192.168.67.64,52.166.239.43,49,1,-1,875 
1311,11.517487,52.166.239.43,192.168.67.64,1497,0,876,-1
1312,11.517565,52.166.239.43,192.168.67.64,1159,0,877,-1
1313,11.519891,192.168.67.64,52.166.239.43,52,1,-1,876 877 
1314,11.538791,52.166.239.43,192.168.67.64,129,0,878,-1
1315,11.552085,192.168.67.64,52.166.239.43,49,1,-1,878 
1316,11.559364,52.166.239.43,192.168.67.64,180,0,879,-1
1317,11.572550,192.168.67.64,52.166.239.43,49,1,-1,879 
1318,11.580728,52.166.239.43,192.168.67.64,238,0,880,-1
1319,11.595326,192.168.67.64,52.166.239.43,49,1,-1,880 
1320,11.604822,52.166.239.43,192.168.67.64,127,0,881,-1
1321,11.618117,192.168.67.64,52.166.239.43,49,1,-1,881 
1322,11.623276,52.166.239.43,192.168.67.64,219,0,882,-1
1323,11.636473,192.168.67.64,52.166.239.43,49,1,-1,882 
1324,11.646593,52.166.239.43,192.168.67.64,181,0,883,-1
1325,11.659827,192.168.67.64,52.166.239.43,49,1,-1,883 
1326,11.665229,52.166.239.43,192.168.67.64,233,0,884,-1
1327,11.675176,52.166.239.43,192.168.67.64,206,0,885,-1
1328,11.688197,192.168.67.64,52.166.239.43,52,1,-1,884 885 
1329,11.699344,192.168.67.64,52.166.239.43,85,1,47,-1
1330,11.707806,52.166.239.43,192.168.67.64,165,0,886,-1
1331,11.721166,192.168.67.64,52.166.239.43,49,1,-1,886 
1332,11.728436,52.166.239.43,192.168.67.64,154,0,887,-1
1333,11.741607,192.168.67.64,52.166.239.43,49,1,-1,887 
1334,11.751399,52.166.239.43,192.168.67.64,179,0,888,-1
1335,11.764442,192.168.67.64,52.166.239.43,49,1,-1,888 
1336,11.775908,52.166.239.43,192.168.67.64,1497,0,889,-1
1337,11.776045,52.166.239.43,192.168.67.64,1497,0,890,-1
1338,11.776078,52.166.239.43,192.168.67.64,335,0,891,-1
1339,11.780964,192.168.67.64,52.166.239.43,52,1,-1,889 891 
1340,11.821093,52.166.239.43,192.168.67.64,338,0,892,-1
1341,11.834543,192.168.67.64,52.166.239.43,49,1,-1,892 
1342,11.845641,52.166.239.43,192.168.67.64,101,0,893,-1
1343,11.858867,192.168.67.64,52.166.239.43,49,1,-1,893 
1344,11.869715,52.166.239.43,192.168.67.64,183,0,894,-1
1345,11.882727,192.168.67.64,52.166.239.43,49,1,-1,894 
1346,11.882742,192.168.67.64,52.166.239.43,72,1,48,-1
1347,11.890216,52.166.239.43,192.168.67.64,243,0,895,-1
1348,11.903446,192.168.67.64,52.166.239.43,49,1,-1,895 
